0,0,0,0,0,0,0,0,0,0,0,0,0,0,0
0.1,0,0,0,0,0,0,0,0,0,0,0,0,0,0
0.2,0,0,0,0,0,0,0,0,0,0,0,0,0,0
0.3,0,0,0,0,0,0,0,0,0,0,0,0,0,0
0.4,0,0,0,0,0,0,0,0,0,0,0,0,0,0
0.5,0,0,0,0,0,0,0,0,0,0,0,0,0,0
0.6,0,0,0,0,0,0,0,0,0,0,0,0,0,0
0.7,0,0,0,0,0,0,0,0,0,0,0,0,0,0
0.8,0,0,0,0,0,0,0,0,0,0,0,0,0,0
0.9,0,0,0,0,0,0,0,0,0,0,0,0,0,0
1.0,0,0,0,0,0,0,0,0,0,0,0,0,0,0
1.1,0,0,0,0,0,0,0,0,0,0,1,1,0,0
1.2,0,0,0,0,0,0,0,0,0,0,1,1,0,0
1.3,0,0,0,0,0,0,0,0,0,0,1,1,0,0
1.4,0,0,0,0,0,0,0,0,0,0,1,1,0,0
1.5,0,0,0,0,0,0,0,0,0,0,1,1,0,0
1.6,0,0,0,0,0,0,0,0,0,0,1,1,0,0
1.7,0,0,0,0,0,0,0,0,0,0,1,1,0,0
1.8,0,0,0,0,0,0,0,0,0,0,1,1,0,0
1.9,0,0,0,0,0,0,0,0,0,0,1,1,0,0
2.0,0,0,0,0,0,0,0,0,0,0,1,1,0,0
2.1,0,0,0,0,0,0,0,0,0,0,1,1,0,0
2.2,0,0,0,0,0,0,0,0,0,0,1,1,0,0
2.3,0,0,0,0,0,0,0,0,0,0,1,1,0,0
2.4,0,0,0,0,0,0,0,0,0,0,1,1,0,0
2.5,0,0,0,0,0,0,0,0,0,0,1,1,0,0
2.6,0,0,0,0,0,0,0,0,0,0,1,1,0,0
2.7,0,0,0,0,0,0,0,0,0,0,1,1,0,0
2.8,0,0,0,0,0,0,0,0,0,0,1,1,0,0
2.9,0,0,0,0,0,0,0,0,0,0,1,1,0,0
3.0,0,0,0,0,0,0,0,0,0,0,1,1,0,0
3.1,0,0,0,0,0,0,0,0,0,0,1,1,0,0
3.2,0,0,0,0,0,0,0,0,0,0,1,1,0,0
3.3,0,0,0,0,0,0,0,0,0,0,1,1,0,0
3.4,0,0,0,0,0,0,0,0,0,0,1,1,0,0
3.5,0,0,0,0,0,0,0,0,0,0,1,1,0,0
3.6,0,0,0,0,0,0,0,0,0,0,1,1,0,0
3.7,0,0,0,0,0,0,0,0,0,0,1,1,0,0
3.8,0,0,0,0,0,0,0,0,0,0,1,1,0,0
3.9,0,0,0,0,0,0,0,0,0,0,0,0,0,0
4.0,0,0,0,0,0,0,0,0,0,0,0,0,0,0
4.1,0,0,0,0,0,0,0,0,0,0,0,0,0,0
4.2,0,0,0,0,0,0,0,0,0,0,0,0,0,0
4.3,0,0,0,0,0,0,0,0,0,0,0,0,0,0
4.4,0,0,0,0,0,0,0,0,0,0,0,0,0,0
4.5,0,0,0,0,0,0,0,0,0,0,0,0,0,0
4.6,0,0,0,0,0,0,0,0,0,0,0,0,0,0
4.7,0,0,0,0,0,0,0,0,0,0,0,0,0,0
4.8,0,0,0,0,0,0,0,0,0,0,0,0,0,0
4.9,0,0,0,0,0,0,0,0,0,0,0,0,0,0
5.0,0,0,0,0,0,0,0,0,0,0,0,0,0,0
5.1,0,0,0,0,0,0,0,0,0,0,0,0,0,0
5.2,0,0,0,0,0,0,0,0,0,0,0,0,0,0
5.3,0,0,0,0,0,0,0,0,0,0,0,0,0,0
5.4,0,0,0,0,0,0,0,0,0,0,0,0,0,0
5.5,0,0,0,0,0,0,0,0,0,0,0,0,255,255
5.6,255,255,255,255,255,255,255,255,0,0,0,0,255,255
5.7,255,255,255,255,255,255,255,255,0,0,0,0,255,255
5.8,0,0,0,0,0,0,0,0,0,0,1,1,255,255
5.9,255,255,255,255,255,255,255,255,0,0,0,0,255,255
6.0,0,0,0,0,255,0,0,0,0,0,0,0,255,255
6.1,255,255,255,255,255,255,255,255,0,0,1,1,255,255
6.2,0,0,0,0,255,0,0,0,0,0,1,1,255,255
6.3,128,128,128,128,128,128,128,128,255,255,1,1,255,255
6.4,0,0,0,0,128,0,0,0,255,255,1,1,255,255
6.5,0,0,0,0,128,128,0,0,255,255,1,1,255,255
6.6,128,128,128,128,128,128,128,128,0,0,0,0,255,255
6.7,0,0,128,128,128,128,0,0,255,255,1,1,255,255
6.8,128,128,128,128,128,128,128,128,255,255,1,1,255,255
6.9,0,0,0,0,0,0,0,0,0,0,1,1,255,255
7.0,0,0,0,0,0,0,0,0,0,0,0,0,255,255
7.1,0,0,0,0,0,0,0,0,0,0,0,0,255,255
7.2,0,0,0,0,0,0,0,0,0,0,1,1,255,255
7.3,0,0,0,0,0,0,0,0,0,0,1,1,255,255
7.4,0,0,0,0,0,0,0,0,0,0,0,0,255,255
7.5,0,0,0,0,0,0,0,0,0,0,1,1,255,255
7.6,128,128,128,128,128,128,128,128,255,255,1,1,255,255
7.7,128,128,128,128,128,128,128,128,255,255,1,1,255,255
7.8,0,0,0,0,0,0,0,0,0,0,1,1,255,255
7.9,0,0,0,0,0,0,0,0,0,0,1,1,255,255
8.0,0,0,0,0,0,0,0,0,0,0,0,0,255,255
8.1,0,0,0,0,0,0,0,0,0,0,1,1,255,255
8.2,0,0,0,0,0,0,0,0,0,0,0,0,255,255
8.3,255,255,255,255,255,255,255,255,0,0,0,0,255,255
8.4,0,0,0,0,0,0,0,0,0,0,0,0,255,255
8.5,0,0,0,0,0,0,0,0,0,0,0,0,255,255
8.6,0,0,0,0,0,0,0,0,0,0,0,0,255,255
8.7,255,255,255,255,255,255,255,255,0,0,0,0,255,255
8.8,255,255,255,255,255,255,255,255,0,0,0,0,255,255
8.9,0,0,0,0,0,0,0,0,0,0,0,0,255,255
9.0,0,0,0,0,0,0,0,0,0,0,0,0,255,255
9.1,255,255,255,255,255,255,255,255,0,0,0,0,255,255
9.2,0,0,0,0,0,0,0,0,0,0,0,0,255,255
9.3,0,0,0,0,0,0,0,0,0,0,0,0,255,255
9.4,0,0,0,0,0,0,0,0,0,0,0,0,255,255
9.5,0,0,0,0,0,0,0,0,0,0,1,1,255,255
9.6,0,0,0,0,0,0,0,0,0,0,1,1,255,255
9.7,0,0,255,255,255,255,0,0,0,0,0,0,255,255
9.8,0,0,0,0,0,0,0,0,0,0,0,0,0,0
9.9,0,0,0,0,0,0,0,0,0,0,0,0,0,0
10.0,0,0,0,0,0,0,0,0,0,0,0,0,0,0
10.1,0,0,0,0,0,0,0,0,0,0,0,0,0,0
10.2,0,0,0,0,0,0,0,0,0,0,0,0,0,0
10.3,0,0,0,0,0,0,0,0,0,0,0,0,0,0
10.4,0,0,0,0,0,0,0,0,0,0,0,0,255,255
10.5,0,0,0,0,0,0,0,0,0,0,0,0,255,255
10.6,0,0,0,0,0,0,0,0,0,0,0,0,255,255
10.7,0,0,0,0,0,0,0,0,0,0,0,0,255,255
10.8,0,0,0,0,0,0,0,0,0,0,0,0,255,255
10.9,0,0,0,0,0,0,0,0,0,0,1,1,255,255
11.0,0,0,0,0,0,0,0,0,0,0,1,1,255,255
11.1,0,0,0,0,0,0,0,0,0,0,1,1,255,255
11.2,0,0,0,0,0,0,0,0,0,0,1,1,255,255
11.3,0,0,0,0,0,0,0,0,0,0,1,1,255,255
11.4,0,0,0,0,0,0,0,0,0,0,1,1,255,255
11.5,0,0,0,0,0,0,0,0,0,0,1,1,255,255
11.6,0,0,0,0,0,0,0,0,0,0,1,1,255,255
11.7,0,0,0,0,0,0,0,0,0,0,1,1,255,255
11.8,0,0,0,0,0,0,0,0,0,0,1,1,255,255
11.9,0,0,0,0,0,0,0,0,0,0,1,1,255,255
12.0,0,0,0,0,0,0,0,0,0,0,1,1,255,255
12.1,0,0,0,0,0,0,0,0,0,0,1,1,255,255
12.2,0,0,0,0,0,0,0,0,0,0,1,1,255,255
12.3,0,0,0,0,0,0,0,0,0,0,1,1,255,255
12.4,0,0,0,0,0,0,0,0,0,0,1,1,255,255
12.5,0,0,0,0,0,0,0,0,0,0,1,1,255,255
12.6,0,0,0,0,0,0,0,0,0,0,1,1,255,255
12.7,0,0,0,0,0,0,0,0,0,0,1,1,255,255
12.8,0,0,0,0,0,0,0,0,0,0,1,1,255,255
12.9,0,0,0,0,0,0,0,0,0,0,1,1,255,255
13.0,0,0,0,0,0,0,0,0,0,0,1,1,255,255
13.1,0,0,0,0,0,0,0,0,0,0,1,1,255,255
13.2,0,0,0,0,0,0,0,0,0,0,1,1,255,255
13.3,0,0,0,0,0,0,0,0,0,0,1,1,255,255
13.4,0,0,0,0,0,0,0,0,0,0,1,1,255,255
13.5,255,255,255,255,255,255,255,255,0,0,1,1,255,255
13.6,255,255,255,255,255,255,255,255,0,0,1,1,255,255
13.7,255,255,255,255,255,255,255,255,0,0,1,1,255,255
13.8,0,0,0,0,0,0,0,0,0,0,1,1,255,255
13.9,0,0,0,0,0,0,0,0,0,0,1,1,255,255
14.0,255,255,255,255,255,255,255,255,0,0,1,1,255,255
14.1,0,255,0,255,0,255,0,255,0,0,1,1,255,255
14.2,255,255,255,255,255,255,255,255,0,0,1,1,255,255
14.3,0,0,0,0,0,0,0,0,0,0,1,1,255,255
14.4,0,0,0,0,0,0,0,0,0,0,1,1,255,255
14.5,0,0,0,0,0,0,0,0,0,0,1,1,255,255
14.6,0,0,0,0,0,0,0,0,0,0,1,1,255,255
14.7,0,0,0,0,0,0,0,0,0,0,1,1,255,255
14.8,0,0,0,0,0,0,0,0,0,0,1,1,255,255
14.9,0,0,0,0,0,0,0,0,0,0,1,1,255,255
15.0,0,0,0,0,0,0,0,0,0,0,1,1,255,255
15.1,0,0,0,0,0,0,0,0,0,0,1,1,255,255
15.2,0,0,0,0,0,0,0,0,0,0,1,1,255,255
15.3,0,0,0,0,0,0,0,0,0,0,1,1,255,255
15.4,0,0,0,0,0,0,0,0,0,0,1,1,255,255
15.5,0,0,0,0,0,0,0,0,0,0,1,1,255,255
15.6,0,0,0,0,0,0,0,0,0,0,1,1,255,255
15.7,255,255,255,255,255,255,255,255,0,0,1,1,255,255
15.8,255,255,255,255,255,255,255,255,0,0,1,1,255,255
15.9,0,0,0,0,0,255,0,0,0,0,1,1,255,255
16.0,0,0,0,0,0,0,0,0,0,0,1,1,255,255
16.1,255,255,255,255,255,255,255,255,0,0,1,1,255,255
16.2,0,0,0,0,0,0,0,0,0,0,0,0,255,255
16.3,0,0,0,0,0,0,0,0,0,0,1,1,255,255
16.4,0,0,0,0,0,0,0,0,0,0,1,1,255,255
16.5,0,0,0,0,0,0,0,0,0,0,1,1,255,255
16.6,128,128,128,128,128,128,128,128,0,0,1,1,255,255
16.7,0,0,0,0,0,0,0,0,0,0,1,1,255,255
16.8,0,0,0,0,0,0,0,0,0,0,0,0,255,255
16.9,0,0,0,0,0,0,0,0,0,0,0,0,255,255
17.0,0,0,0,0,0,0,0,0,0,0,0,0,255,255
17.1,0,0,0,0,0,0,0,0,0,0,1,1,255,255
17.2,0,0,0,0,0,0,0,0,0,0,1,1,255,255
17.3,0,0,0,0,0,0,0,0,0,0,1,1,255,255
17.4,0,0,0,0,0,0,0,0,0,0,1,1,255,255
17.5,0,0,0,0,0,0,0,0,0,0,1,1,255,255
17.6,0,0,0,0,0,0,0,0,0,0,1,1,255,255
17.7,0,0,0,0,0,0,0,0,0,0,1,1,255,255
17.8,0,0,0,0,0,0,0,0,0,0,1,1,255,255
17.9,0,0,128,0,128,0,0,0,0,0,1,1,255,255
18.0,128,128,128,128,128,128,128,128,0,0,1,1,255,255
18.1,0,0,0,0,0,0,0,0,0,0,1,1,255,255
18.2,255,255,255,255,255,255,255,255,0,0,1,1,255,255
18.3,0,0,0,0,0,0,0,0,0,0,1,1,255,255
18.4,0,0,0,0,0,0,0,0,0,0,1,1,255,255
18.5,0,0,0,0,0,0,0,0,0,0,1,1,255,255
18.6,0,0,0,0,0,0,0,0,0,0,1,1,255,255
18.7,0,0,0,0,0,0,0,0,0,0,1,1,255,255
18.8,0,0,0,0,0,0,0,0,0,0,1,1,255,255
18.9,0,0,0,0,0,0,0,0,0,0,1,1,255,255
19.0,0,0,0,0,0,0,0,0,0,0,1,1,255,255
19.1,0,0,0,0,0,0,0,0,0,0,1,1,255,255
19.2,0,0,0,0,0,0,0,0,0,0,1,1,255,255
19.3,0,0,0,0,0,0,0,0,0,0,1,1,255,255
19.4,0,0,0,0,0,0,0,0,0,0,1,1,255,255
19.5,0,0,0,0,0,0,0,0,0,0,1,1,255,255
19.6,0,0,0,0,0,0,0,0,0,0,1,1,255,255
19.7,0,0,0,0,0,0,0,0,0,0,1,1,255,255
19.8,0,0,0,0,0,0,0,0,0,0,1,1,255,255
19.9,0,0,0,0,0,0,0,0,0,0,1,1,255,255
20.0,0,0,0,0,0,0,0,0,0,0,1,1,255,255
20.1,0,0,0,0,0,0,0,0,0,0,1,1,255,255
20.2,0,0,0,0,0,0,0,0,0,0,1,1,255,255
20.3,0,0,0,0,0,0,0,0,0,0,1,1,255,255
20.4,255,255,255,255,255,255,255,255,0,0,1,1,255,255
20.5,255,255,255,255,255,255,255,255,0,0,1,1,255,255
20.6,0,0,0,0,0,0,0,0,0,0,1,1,255,255
20.7,0,0,0,0,0,0,0,0,0,0,1,1,255,255
20.8,0,0,0,0,0,0,0,0,0,0,1,1,255,255
20.9,0,0,0,0,0,0,0,0,0,0,1,1,255,255
21.0,0,0,0,0,0,0,0,0,0,0,1,1,255,255
21.1,0,0,0,0,0,0,0,0,0,0,1,1,255,255
21.2,0,0,0,0,0,0,0,0,0,0,1,1,255,255
21.3,0,0,0,0,0,0,0,0,0,0,0,0,255,255
21.4,0,0,0,0,0,0,0,0,0,0,1,1,255,255
21.5,0,0,0,0,0,0,0,0,0,0,1,1,255,255
21.6,0,0,0,0,0,0,0,0,0,0,1,1,255,255
21.7,128,128,128,128,128,128,128,128,255,255,1,1,255,255
21.8,0,0,0,0,0,128,0,128,255,255,1,1,255,255
21.9,0,0,0,0,0,128,0,128,255,255,1,1,255,255
22.0,128,128,128,128,128,128,128,128,0,0,1,1,255,255
22.1,0,0,0,0,0,0,0,0,0,0,1,1,255,255
22.2,0,0,0,0,0,0,0,0,0,0,1,1,255,255
22.3,0,0,0,0,0,0,0,0,0,0,1,1,255,255
22.4,0,0,0,0,0,0,0,0,0,0,1,1,255,255
22.5,0,0,0,0,0,0,0,0,0,0,0,0,255,255
22.6,0,0,0,0,0,0,0,0,0,0,1,1,255,255
22.7,0,0,0,0,0,0,0,0,0,0,0,0,255,255
22.8,255,255,255,255,255,255,255,255,0,0,0,0,255,255
22.9,0,0,0,0,0,0,0,0,0,0,0,0,255,255
23.0,0,0,0,0,0,0,0,0,0,0,0,0,255,255
23.1,0,0,0,0,0,0,0,0,0,0,0,0,255,255
23.2,0,0,0,0,0,0,0,0,0,0,0,0,255,255
23.3,0,0,0,0,0,0,0,0,0,0,1,1,255,255
23.4,0,0,0,0,0,0,0,0,0,0,1,1,255,255
23.5,0,0,0,0,0,0,0,0,0,0,1,1,255,255
23.6,255,255,255,255,255,255,255,255,0,0,1,1,255,255
23.7,0,0,0,0,0,0,0,0,0,0,1,1,255,255
23.8,0,0,0,0,0,0,0,0,0,0,1,1,255,255
23.9,0,0,0,0,0,0,0,0,0,0,1,1,255,255
24.0,0,0,0,0,0,0,0,0,0,0,1,1,255,255
24.1,0,0,0,0,0,0,0,0,0,0,1,1,255,255
24.2,0,0,0,0,0,0,0,0,0,0,1,1,255,255
24.3,0,0,0,0,255,0,255,0,0,0,1,1,255,255
24.4,0,0,0,0,0,0,0,0,0,0,1,1,255,255
24.5,255,255,255,255,255,255,255,255,0,0,1,1,255,255
24.6,255,255,255,255,255,255,255,255,0,0,1,1,255,255
24.7,0,0,0,0,0,0,0,0,0,0,1,1,255,255
24.8,0,0,0,0,0,0,0,0,0,0,1,1,255,255
24.9,0,0,0,0,0,0,0,0,0,0,1,1,255,255
25.0,0,0,0,0,0,0,0,0,0,0,1,1,255,255
25.1,255,255,255,255,255,255,255,255,0,0,1,1,255,255
25.2,0,0,0,0,0,0,0,0,0,0,1,1,255,255
25.3,0,0,0,0,0,0,0,0,0,0,0,0,255,255
25.4,0,0,0,0,0,0,0,0,0,0,1,1,255,255
25.5,0,0,0,0,0,0,0,0,0,0,1,1,255,255
25.6,0,0,0,0,0,0,0,0,0,0,1,1,255,255
25.7,0,0,0,0,0,0,0,0,0,0,1,1,255,255
25.8,255,255,255,255,255,255,255,255,0,0,1,1,255,255
25.9,255,255,255,255,255,255,255,255,0,0,1,1,255,255
26.0,0,0,0,0,0,0,0,0,0,0,1,1,255,255
26.1,0,0,0,0,0,255,0,255,0,0,1,1,255,255
26.2,0,0,0,0,0,0,0,0,0,0,1,1,255,255
26.3,0,0,0,0,0,0,0,0,0,0,1,1,255,255
26.4,0,0,0,0,0,0,0,0,0,0,1,1,255,255
26.5,0,0,0,0,0,0,0,0,0,0,1,1,255,255
26.6,0,255,0,255,255,255,255,255,0,0,1,1,255,255
26.7,0,0,0,0,0,0,0,0,0,0,1,1,255,255
26.8,0,0,0,0,0,0,0,0,0,0,1,1,255,255
26.9,128,128,128,128,128,128,128,128,0,0,1,1,255,255
27.0,255,255,255,255,255,255,255,255,0,0,1,1,255,255
27.1,0,0,0,0,255,255,255,255,0,0,1,1,255,255
27.2,255,255,255,255,255,255,255,255,0,0,1,1,255,255
27.3,255,255,255,255,255,255,255,255,0,0,1,1,255,255
27.4,0,0,0,0,255,0,0,0,0,0,1,1,255,255
27.5,255,255,255,255,255,255,255,255,0,0,1,1,255,255
27.6,0,0,0,0,0,0,0,0,0,0,1,1,255,255
27.7,0,0,0,0,0,0,0,0,0,0,1,1,255,255
27.8,0,0,0,0,0,0,0,0,0,0,1,1,255,255
27.9,0,0,0,0,0,0,0,0,0,0,1,1,255,255
28.0,0,0,0,0,0,0,0,0,0,0,1,1,255,255
28.1,0,0,0,0,0,0,0,0,0,0,1,1,255,255
28.2,0,0,0,0,0,0,0,0,0,0,1,1,255,255
28.3,0,0,0,0,255,0,255,0,0,0,1,1,255,255
28.4,255,255,255,255,255,255,255,255,0,0,1,1,255,255
28.5,255,255,255,255,255,255,255,255,0,0,1,1,255,255
28.6,0,0,0,0,0,255,0,0,0,0,1,1,255,255
28.7,0,0,255,255,255,255,0,0,0,0,1,1,255,255
28.8,255,255,255,255,255,255,255,255,0,0,1,1,255,255
28.9,0,0,0,0,0,0,0,0,0,0,1,1,255,255
29.0,0,0,0,0,0,0,0,0,0,0,1,1,255,255
29.1,0,0,0,0,0,0,0,0,0,0,1,1,255,255
29.2,0,0,0,0,0,0,0,0,0,0,1,1,255,255
29.3,0,0,0,0,0,0,0,0,0,0,1,1,255,255
29.4,0,0,0,0,0,0,0,0,0,0,1,1,255,255
29.5,0,0,0,0,0,0,0,0,0,0,1,1,255,255
29.6,0,0,0,0,0,0,0,0,0,0,0,0,255,255
29.7,0,0,0,0,0,0,0,0,0,0,0,0,255,255
29.8,0,0,0,0,0,0,0,0,0,0,0,0,0,0
29.9,0,0,0,0,0,0,0,0,0,0,0,0,0,0
30.0,0,0,0,0,0,0,0,0,0,0,0,0,0,0
30.1,0,0,0,0,0,0,0,0,0,0,0,0,0,0
30.2,0,0,0,0,0,0,0,0,0,0,0,0,0,0
30.3,0,0,0,0,0,0,0,0,0,0,0,0,0,0
30.4,0,0,0,0,0,0,0,0,0,0,0,0,0,0
30.5,0,0,0,0,0,0,0,0,0,0,0,0,0,0
30.6,0,0,0,0,0,0,0,0,0,0,0,0,0,0
30.7,0,0,0,0,0,0,0,0,0,0,0,0,0,0
30.8,0,0,0,0,0,0,0,0,0,0,0,0,0,0
30.9,0,0,0,0,0,0,0,0,0,0,0,0,0,0
31.0,0,0,0,0,0,0,0,0,0,0,0,0,0,0
31.1,0,0,0,0,0,0,0,0,0,0,0,0,0,0
31.2,0,0,0,0,0,0,0,0,0,0,0,0,0,0
31.3,0,0,0,0,0,0,0,0,0,0,0,0,0,0
31.4,0,0,0,0,0,0,0,0,0,0,1,1,0,0
31.5,0,0,0,0,0,0,0,0,0,0,1,1,0,0
31.6,0,0,0,0,0,0,0,0,0,0,1,1,0,0
31.7,0,0,0,0,0,0,0,0,0,0,1,1,0,0
31.8,0,0,0,0,0,0,0,0,0,0,1,1,0,0
31.9,0,0,0,0,0,0,0,0,0,0,0,0,0,0
32.0,0,0,0,0,0,0,0,0,0,0,1,1,0,0
32.1,0,0,0,0,0,0,0,0,0,0,0,0,0,0
32.2,0,0,0,0,0,0,0,0,0,0,0,0,0,0
32.3,0,0,0,0,0,0,0,0,0,0,0,0,0,0
32.4,0,0,0,0,0,0,0,0,0,0,0,0,0,0
32.5,0,0,0,0,0,0,0,0,0,0,0,0,0,0
32.6,0,0,0,0,0,0,0,0,0,0,0,0,0,0
32.7,0,0,0,0,0,0,0,0,0,0,0,0,0,0
32.8,255,255,255,255,255,255,255,255,0,0,0,0,0,0
32.9,0,0,255,0,255,0,0,0,0,0,0,0,0,0
33.0,0,0,255,0,255,0,0,0,0,0,0,0,255,255
33.1,0,0,255,0,255,0,0,0,0,0,0,0,255,255
33.2,0,0,255,0,255,0,0,0,0,0,0,0,255,255
33.3,0,0,255,0,255,0,0,0,0,0,0,0,255,255
33.4,0,255,0,255,0,255,0,255,0,0,0,0,255,255
33.5,255,255,255,255,255,255,255,255,0,0,0,0,255,255
33.6,255,0,255,0,255,0,255,0,0,0,1,1,255,255
33.7,255,255,255,255,255,255,255,255,0,0,1,1,255,255
33.8,128,128,128,128,128,128,128,128,255,255,1,1,255,255
33.9,0,0,128,0,128,0,0,0,255,255,1,1,255,255
34.0,0,0,128,0,128,0,0,0,255,255,1,1,255,255
34.1,0,0,0,0,0,0,0,0,0,0,1,1,255,255
34.2,0,0,0,0,0,0,0,0,0,0,1,1,255,255
34.3,0,0,0,0,0,0,0,0,0,0,1,1,255,255
34.4,0,0,0,0,0,0,0,0,0,0,1,1,255,255
34.5,0,0,0,0,0,0,0,0,0,0,1,1,255,255
34.6,0,0,0,0,0,0,0,0,0,0,1,1,255,255
34.7,0,0,0,0,0,0,0,0,0,0,1,1,255,255
34.8,0,0,0,0,0,0,0,0,0,0,1,1,255,255
34.9,0,0,0,0,0,0,0,0,0,0,1,1,255,255
35.0,0,0,0,255,0,0,0,0,0,0,0,0,255,255
35.1,0,0,0,255,0,0,0,0,0,0,0,0,255,255
35.2,0,0,0,0,0,0,0,0,0,0,0,0,255,255
35.3,0,128,0,128,0,0,0,0,255,255,0,0,255,255
35.4,0,128,0,128,0,0,0,0,255,255,0,0,255,255
35.5,0,128,0,128,0,0,0,0,255,255,1,1,255,255
35.6,0,128,0,128,0,0,0,0,0,0,1,1,255,255
35.7,0,128,0,128,0,0,0,0,255,255,1,1,255,255
35.8,128,128,128,128,128,128,128,128,255,255,1,1,255,255
35.9,0,128,0,128,0,128,0,128,255,255,1,1,255,255
36.0,128,128,128,128,128,128,128,128,0,0,1,1,255,255
36.1,0,0,0,0,0,0,0,0,0,0,1,1,255,255
36.2,255,255,255,255,255,255,255,255,0,0,0,0,255,255
36.3,0,0,0,0,0,0,0,0,0,0,1,1,255,255
36.4,0,0,0,0,0,0,0,0,0,0,1,1,255,255
36.5,0,0,0,0,0,0,0,0,0,0,1,1,255,255
36.6,0,0,0,0,0,0,0,0,0,0,1,1,255,255
36.7,128,128,128,128,128,128,128,128,255,255,0,0,255,255
36.8,128,128,128,128,128,128,128,128,255,255,0,0,255,255
36.9,0,0,128,0,128,0,0,0,255,255,0,0,255,255
37.0,0,0,128,0,128,0,0,0,0,0,0,0,255,255
37.1,0,0,128,128,128,128,0,0,255,255,0,0,255,255
37.2,128,128,128,128,128,128,128,128,255,255,1,1,255,255
37.3,128,128,128,128,128,128,128,128,255,255,1,1,255,255
37.4,128,128,128,128,128,128,128,128,0,0,1,1,255,255
37.5,128,128,128,128,128,128,128,128,255,255,0,0,255,255
37.6,128,128,128,128,128,128,128,128,255,255,0,0,255,255
37.7,128,128,128,128,128,128,128,128,255,255,0,0,255,255
37.8,128,128,128,128,128,128,128,128,0,0,0,0,255,255
37.9,128,128,128,128,128,128,128,128,255,255,0,0,255,255
38.0,128,128,128,128,128,128,128,128,255,255,1,1,255,255
38.1,128,128,128,128,128,128,128,128,255,255,1,1,255,255
38.2,0,0,0,0,0,0,0,0,0,0,1,1,255,255
38.3,0,0,0,0,0,0,0,0,0,0,1,1,255,255
38.4,0,0,0,0,0,0,0,0,0,0,1,1,255,255
38.5,0,0,0,0,0,0,0,0,0,0,1,1,255,255
38.6,0,0,0,0,0,0,0,0,0,0,1,1,255,255
38.7,128,128,128,128,128,128,128,128,255,255,1,1,255,255
38.8,128,128,128,128,128,128,128,128,255,255,1,1,255,255
38.9,0,0,0,0,0,0,0,0,0,0,1,1,255,255
39.0,0,0,0,0,0,0,0,0,0,0,1,1,255,255
39.1,0,0,0,0,0,0,0,0,0,0,1,1,255,255
39.2,0,0,0,0,0,0,0,0,0,0,1,1,255,255
39.3,0,0,0,0,0,0,0,0,0,0,0,0,255,255
39.4,0,0,0,0,0,0,0,0,0,0,0,0,255,255
39.5,0,0,0,0,0,0,0,0,0,0,0,0,255,255
39.6,0,0,0,0,0,0,0,0,0,0,0,0,255,255
39.7,255,255,255,255,255,255,255,255,0,0,0,0,255,255
39.8,255,255,255,255,255,255,255,255,0,0,0,0,255,255
39.9,0,0,0,255,0,255,0,0,0,0,0,0,255,255
40.0,0,0,0,255,0,255,0,0,0,0,0,0,255,255
40.1,0,0,0,255,0,255,0,0,0,0,0,0,255,255
40.2,255,255,255,255,255,255,255,255,0,0,0,0,255,255
40.3,0,255,0,255,0,255,0,255,0,0,0,0,255,255
40.4,0,255,0,255,0,255,0,255,0,0,0,0,255,255
40.5,0,255,0,255,0,255,0,255,0,0,0,0,255,255
40.6,128,128,128,128,128,128,128,128,0,0,0,0,255,255
40.7,0,0,0,0,0,0,0,0,0,0,0,0,255,255
40.8,0,0,0,0,0,0,0,0,0,0,0,0,255,255
40.9,0,0,0,0,0,0,0,0,0,0,0,0,255,255
41.0,0,0,0,0,0,0,0,0,0,0,0,0,255,255
41.1,0,0,0,0,0,0,0,0,0,0,0,0,255,255
41.2,0,0,0,0,0,0,0,0,0,0,0,0,255,255
41.3,0,0,0,0,0,0,0,0,0,0,0,0,255,255
41.4,128,128,128,128,128,128,128,128,255,255,0,0,255,255
41.5,128,128,128,128,128,128,128,128,255,255,0,0,255,255
41.6,0,0,0,0,0,0,0,0,0,0,0,0,255,255
41.7,0,0,0,0,0,0,0,0,0,0,0,0,255,255
41.8,0,0,0,0,0,0,0,0,0,0,1,1,255,255
41.9,0,0,0,0,0,0,0,0,0,0,1,1,255,255
42.0,0,0,0,0,0,0,0,0,0,0,1,1,255,255
42.1,0,0,0,0,0,0,0,0,0,0,1,1,255,255
42.2,255,255,255,255,255,255,255,255,0,0,1,1,255,255
42.3,0,0,0,0,0,0,0,0,0,0,1,1,255,255
42.4,0,0,0,0,0,0,0,0,0,0,1,1,255,255
42.5,0,0,0,0,0,0,0,0,0,0,1,1,255,255
42.6,0,0,0,0,0,0,0,0,0,0,1,1,255,255
42.7,255,255,255,255,255,255,255,255,0,0,1,1,255,255
42.8,255,255,255,255,255,255,255,255,0,0,1,1,255,255
42.9,255,255,255,255,255,255,255,255,0,0,1,1,255,255
43.0,0,0,0,0,0,0,0,0,0,0,1,1,255,255
43.1,255,255,255,255,255,255,255,255,0,0,1,1,255,255
43.2,0,0,0,0,0,0,0,0,0,0,1,1,255,255
43.3,0,0,0,0,0,0,0,0,0,0,1,1,255,255
43.4,0,0,0,0,0,0,0,0,0,0,1,1,255,255
43.5,0,0,0,0,0,0,0,0,0,0,1,1,255,255
43.6,0,0,0,0,0,0,0,0,0,0,1,1,255,255
43.7,0,0,0,0,0,0,0,0,0,0,1,1,255,255
43.8,0,0,0,0,0,0,0,0,0,0,1,1,255,255
43.9,0,0,0,0,0,0,0,0,0,0,1,1,255,255
44.0,0,0,0,0,0,0,0,0,0,0,1,1,255,255
44.1,0,0,0,0,0,0,0,0,0,0,1,1,255,255
44.2,0,0,0,0,0,0,0,0,0,0,1,1,255,255
44.3,0,0,0,0,0,0,0,0,0,0,1,1,255,255
44.4,0,0,0,0,0,0,0,0,0,0,1,1,255,255
44.5,0,0,0,0,0,0,0,0,0,0,1,1,255,255
44.6,0,0,0,0,0,0,0,0,0,0,1,1,255,255
44.7,255,255,255,255,255,255,255,255,0,0,1,1,255,255
44.8,128,128,128,128,128,128,128,128,0,0,1,1,255,255
44.9,0,0,0,0,0,0,0,0,0,0,1,1,255,255
45.0,0,0,0,0,0,0,0,0,0,0,1,1,255,255
45.1,0,0,0,0,0,0,0,0,0,0,1,1,255,255
45.2,0,0,0,0,0,0,0,0,0,0,1,1,255,255
45.3,0,0,0,0,0,0,0,0,0,0,1,1,255,255
45.4,0,0,0,0,0,0,0,0,0,0,1,1,255,255
45.5,0,0,0,0,0,0,0,0,0,0,1,1,255,255
45.6,0,0,0,0,0,0,0,0,0,0,1,1,255,255
45.7,0,0,0,0,0,0,0,0,0,0,1,1,255,255
45.8,0,0,0,0,0,0,0,0,0,0,1,1,255,255
45.9,0,0,0,0,0,0,0,0,0,0,1,1,255,255
46.0,0,0,0,0,0,0,0,0,0,0,1,1,255,255
46.1,0,0,0,0,0,0,0,0,0,0,0,0,255,255
46.2,0,0,0,0,0,0,0,0,0,0,1,1,255,255
46.3,0,0,0,0,0,0,0,0,0,0,1,1,255,255
46.4,0,0,0,0,0,0,0,0,0,0,1,1,255,255
46.5,0,0,0,0,0,0,0,0,0,0,1,1,255,255
46.6,0,0,0,0,0,0,0,0,0,0,1,1,255,255
46.7,0,0,0,0,0,0,0,0,0,0,1,1,255,255
46.8,0,0,0,0,0,0,0,0,0,0,0,0,255,255
46.9,255,255,255,255,255,255,255,255,0,0,0,0,255,255
47.0,0,0,255,255,255,255,0,0,0,0,0,0,255,255
47.1,0,0,0,0,0,0,0,0,0,0,0,0,255,255
47.2,0,0,0,0,0,0,0,0,0,0,0,0,255,255
47.3,0,0,0,0,0,0,0,0,0,0,0,0,255,255
47.4,0,0,0,0,0,0,0,0,0,0,0,0,255,255
47.5,0,0,0,0,0,0,0,0,0,0,0,0,255,255
47.6,0,0,0,0,0,0,0,0,0,0,0,0,255,255
47.7,0,0,0,0,0,0,0,0,0,0,0,0,255,255
47.8,255,255,255,255,255,255,255,255,0,0,0,0,255,255
47.9,255,255,255,255,255,255,255,255,0,0,1,1,255,255
48.0,0,0,0,0,0,0,0,0,0,0,1,1,255,255
48.1,0,0,0,0,0,0,0,0,0,0,1,1,255,255
48.2,0,0,0,0,0,0,0,0,0,0,1,1,255,255
48.3,0,0,0,0,0,0,0,0,0,0,1,1,255,255
48.4,0,0,0,0,0,0,0,0,0,0,1,1,255,255
48.5,0,0,0,0,0,0,0,0,0,0,1,1,255,255
48.6,0,0,0,0,0,0,0,0,0,0,1,1,255,255
48.7,0,0,0,0,0,0,0,0,0,0,1,1,255,255
48.8,0,0,0,0,0,0,0,0,0,0,0,0,255,255
48.9,0,0,0,0,0,0,0,0,0,0,0,0,255,255
49.0,0,0,0,0,0,0,0,0,0,0,0,0,255,255
49.1,0,0,0,0,0,0,0,0,0,0,0,0,255,255
49.2,0,0,0,0,0,0,0,0,0,0,0,0,0,0
49.3,0,0,0,0,0,0,0,0,0,0,0,0,0,0
49.4,0,0,0,0,0,0,0,0,0,0,0,0,0,0
49.5,128,128,128,128,128,128,128,128,0,0,0,0,0,0
49.6,0,0,0,0,0,0,0,0,0,0,0,0,0,0
49.7,0,0,0,0,128,0,128,0,0,0,0,0,0,0
49.8,255,255,255,255,255,255,255,255,0,0,0,0,0,0
49.9,255,255,255,255,255,255,255,255,0,0,1,1,0,0
50.0,0,0,0,0,0,0,0,0,0,0,1,1,0,0
50.1,0,0,0,0,0,0,0,0,0,0,1,1,0,0
50.2,0,0,0,0,0,0,0,0,0,0,1,1,0,0
50.3,0,0,0,0,0,0,0,0,0,0,1,1,0,0
50.4,0,0,0,0,0,0,0,0,0,0,0,0,0,0
50.5,0,0,0,0,0,0,0,0,0,0,0,0,0,0
50.6,0,0,0,0,0,0,0,0,0,0,0,0,0,0
50.7,0,0,0,0,0,0,0,0,0,0,0,0,0,0
50.8,0,0,0,0,0,0,0,0,0,0,0,0,0,0
50.9,0,0,0,0,0,0,0,0,0,0,0,0,0,0
51.0,0,0,0,0,0,0,0,0,0,0,0,0,0,0
51.1,0,0,0,0,0,0,0,0,0,0,0,0,0,0
51.2,0,0,0,0,0,0,0,0,0,0,0,0,0,0
51.3,0,0,0,0,0,0,0,0,0,0,0,0,0,0
51.4,0,0,0,0,0,0,0,0,0,0,0,0,0,0
51.5,0,0,0,0,0,0,0,0,0,0,0,0,0,0
51.6,0,0,0,0,0,0,0,0,0,0,0,0,0,0
51.7,0,0,0,0,0,0,0,0,0,0,0,0,0,0
51.8,0,0,0,0,0,0,0,0,0,0,0,0,0,0
51.9,255,255,255,255,255,255,255,255,0,0,0,0,0,0
52.0,255,255,255,255,255,255,255,255,0,0,0,0,0,0
52.1,255,255,255,255,255,255,255,255,0,0,0,0,0,0
52.2,255,255,255,255,255,255,255,255,0,0,0,0,0,0
52.3,0,0,255,255,255,255,0,0,0,0,0,0,0,0
52.4,0,0,255,255,255,255,0,0,0,0,0,0,0,0
52.5,255,255,255,255,255,255,255,255,0,0,0,0,0,0
52.6,255,255,255,255,255,255,255,255,0,0,0,0,0,0
52.7,0,0,0,0,0,0,0,0,0,0,0,0,0,0
52.8,255,255,255,255,255,255,255,255,0,0,0,0,0,0
52.9,255,255,255,255,255,255,255,255,0,0,0,0,0,0
53.0,255,255,255,255,255,255,255,255,0,0,0,0,0,0
53.1,0,0,0,128,128,0,0,0,0,0,0,0,0,0
53.2,0,0,0,0,0,0,0,0,0,0,0,0,0,0
53.3,0,0,0,0,0,0,0,0,0,0,0,0,0,0
53.4,0,0,0,0,0,0,0,0,0,0,0,0,0,0
53.5,255,255,255,255,255,255,255,255,0,0,0,0,0,0
53.6,0,0,0,0,0,0,0,0,0,0,0,0,0,0
53.7,0,0,0,0,0,0,0,0,0,0,0,0,0,0
53.8,0,0,0,0,0,0,0,0,0,0,0,0,0,0
53.9,0,0,0,0,0,0,0,0,0,0,0,0,0,0
54.0,0,0,0,0,0,0,0,0,0,0,0,0,0,0
54.1,0,0,0,0,0,0,0,0,0,0,0,0,0,0
54.2,0,0,0,255,255,0,0,0,0,0,0,0,0,0
54.3,255,255,255,255,255,255,255,255,0,0,0,0,0,0
54.4,0,0,0,0,0,0,0,0,0,0,0,0,0,0
54.5,0,0,0,0,0,0,0,0,0,0,0,0,0,0
54.6,0,0,0,0,0,0,0,0,0,0,0,0,0,0
54.7,0,0,0,0,0,0,0,0,0,0,0,0,0,0
54.8,0,0,0,0,0,0,0,0,0,0,0,0,255,255
54.9,0,0,0,0,0,0,0,0,0,0,0,0,255,255
55.0,0,0,0,0,0,0,0,0,0,0,1,1,255,255
55.1,0,0,0,0,0,0,0,0,0,0,1,1,255,255
55.2,0,0,0,0,0,0,0,0,0,0,1,1,255,255
55.3,0,0,0,0,0,0,0,0,0,0,1,1,255,255
55.4,0,0,0,0,0,0,0,0,0,0,0,0,255,255
55.5,0,0,0,0,0,0,0,0,0,0,1,1,255,255
55.6,255,255,255,255,255,255,255,255,0,0,1,1,255,255
55.7,255,255,255,255,255,255,255,255,0,0,1,1,255,255
55.8,255,255,255,255,255,255,255,255,0,0,1,1,255,255
55.9,255,255,255,255,255,255,255,255,0,0,0,0,255,255
56.0,0,0,0,0,0,0,0,0,0,0,0,0,255,255
56.1,0,0,0,0,0,0,0,0,0,0,1,1,255,255
56.2,255,255,255,255,255,255,255,255,0,0,0,0,255,255
56.3,255,255,255,255,255,255,255,255,0,0,0,0,255,255
56.4,0,0,0,0,0,0,0,0,0,0,0,0,255,255
56.5,128,128,128,128,128,128,128,128,0,0,0,0,255,255
56.6,0,0,0,0,0,0,0,0,0,0,1,1,255,255
56.7,255,255,255,255,255,255,255,255,0,0,0,0,255,255
56.8,255,255,255,255,255,255,255,255,0,0,0,0,255,255
56.9,0,0,0,0,0,0,0,0,0,0,0,0,255,255
57.0,0,0,0,0,0,0,0,0,0,0,0,0,255,255
57.1,0,0,0,0,0,0,0,0,0,0,0,0,255,255
57.2,0,0,0,0,0,0,0,0,0,0,0,0,255,255
57.3,0,0,0,0,0,0,0,0,0,0,0,0,255,255
57.4,0,0,0,0,0,0,0,0,0,0,0,0,255,255
57.5,0,0,0,0,0,0,0,0,0,0,0,0,255,255
57.6,128,128,128,128,128,128,128,128,255,255,0,0,0,0
57.7,0,0,0,0,0,0,0,0,0,0,0,0,0,0
57.8,0,0,0,0,0,0,0,0,0,0,0,0,0,0
57.9,0,0,0,0,0,0,0,0,0,0,0,0,0,0
58.0,0,0,0,0,0,0,0,0,0,0,0,0,0,0
58.1,0,0,0,0,0,0,0,0,0,0,0,0,0,0
58.2,0,0,0,0,0,0,0,0,0,0,0,0,0,0
58.3,0,0,0,0,0,0,0,0,0,0,0,0,0,0
58.4,0,0,0,0,0,0,0,0,0,0,0,0,0,0
58.5,0,0,0,0,0,0,0,0,0,0,0,0,0,0
58.6,0,0,0,0,0,0,0,0,0,0,0,0,0,0
58.7,0,0,0,0,0,0,0,0,0,0,0,0,0,0
58.8,0,0,0,0,0,0,0,0,0,0,0,0,0,0
58.9,0,0,0,0,0,0,0,0,0,0,0,0,0,0
59.0,0,0,0,0,0,0,0,0,0,0,0,0,0,0
59.1,0,0,0,0,0,0,0,0,0,0,0,0,0,0
59.2,0,0,0,0,0,0,0,0,0,0,0,0,0,0
59.3,0,0,0,0,0,0,0,0,0,0,0,0,0,0
59.4,0,0,0,0,0,0,0,0,0,0,0,0,0,0
59.5,0,0,0,0,0,0,0,0,0,0,0,0,0,0
59.6,0,0,0,0,0,0,0,0,0,0,0,0,0,0
59.7,0,0,0,0,0,0,0,0,0,0,0,0,0,0
59.8,0,0,0,0,0,0,0,0,0,0,0,0,0,0
59.9,0,0,0,0,0,0,0,0,0,0,0,0,0,0
60.0,0,0,0,0,0,0,0,0,0,0,0,0,0,0
60.1,0,0,0,0,0,0,0,0,0,0,0,0,0,0
60.2,0,0,0,0,0,0,0,0,0,0,0,0,0,0
60.3,0,0,0,0,0,0,0,0,0,0,0,0,0,0
60.4,0,0,0,0,0,0,0,0,0,0,0,0,0,0
60.5,255,255,255,255,255,255,255,255,0,0,0,0,0,0
60.6,0,0,255,255,255,255,0,0,0,0,0,0,255,255
60.7,0,0,0,0,255,255,255,255,0,0,0,0,255,255
60.8,128,128,128,128,128,128,128,128,0,0,0,0,255,255
60.9,0,0,0,0,0,0,0,0,0,0,0,0,255,255
61.0,0,0,0,0,0,0,0,0,0,0,0,0,255,255
61.1,0,0,0,0,0,0,0,0,0,0,0,0,255,255
61.2,0,0,0,0,0,0,0,0,0,0,0,0,255,255
61.3,0,0,0,0,0,0,0,0,0,0,0,0,255,255
61.4,0,0,0,0,0,0,0,0,0,0,0,0,255,255
61.5,0,0,0,0,0,0,0,0,0,0,0,0,255,255
61.6,0,0,0,0,0,0,0,0,0,0,0,0,255,255
61.7,0,0,0,0,0,0,0,0,0,0,0,0,255,255
61.8,0,0,0,0,0,0,0,0,0,0,0,0,255,255
61.9,0,0,0,0,0,0,0,0,0,0,0,0,255,255
62.0,0,0,0,0,0,0,0,0,0,0,0,0,255,255
62.1,0,0,0,0,0,0,0,0,0,0,0,0,255,255
62.2,0,0,0,0,0,0,0,0,0,0,1,1,255,255
62.3,0,0,0,0,0,0,0,0,0,0,1,1,255,255
62.4,0,0,0,0,0,0,0,0,0,0,1,1,255,255
62.5,0,0,0,0,0,0,0,0,0,0,1,1,255,255
62.6,0,0,0,0,0,0,0,0,0,0,1,1,255,255
62.7,0,0,0,0,0,0,0,0,0,0,1,1,255,255
62.8,0,0,0,0,0,0,0,0,0,0,1,1,255,255
62.9,0,0,0,0,0,0,0,0,0,0,1,1,255,255
63.0,0,0,0,0,0,0,0,0,0,0,1,1,255,255
63.1,0,0,0,0,0,0,0,0,0,0,1,1,255,255
63.2,0,0,0,0,0,0,0,0,0,0,1,1,255,255
63.3,0,0,0,0,0,0,0,0,0,0,1,1,255,255
63.4,0,0,0,0,0,0,0,0,0,0,1,1,255,255
63.5,0,0,0,0,0,0,0,0,0,0,1,1,255,255
63.6,0,0,0,0,0,0,0,0,0,0,1,1,255,255
63.7,0,0,0,0,0,0,0,0,0,0,1,1,255,255
63.8,0,0,0,0,0,0,0,0,0,0,1,1,255,255
63.9,0,0,0,0,0,0,0,0,0,0,1,1,255,255
64.0,0,0,0,0,0,0,0,0,0,0,1,1,255,255
64.1,0,0,0,0,0,0,0,0,0,0,1,1,255,255
64.2,0,0,0,0,0,0,0,0,0,0,1,1,255,255
64.3,0,0,0,0,0,0,0,0,0,0,1,1,255,255
64.4,0,0,0,0,0,0,0,0,0,0,1,1,255,255
64.5,0,0,0,0,0,0,0,0,0,0,1,1,255,255
64.6,255,255,255,255,255,255,255,255,0,0,1,1,255,255
64.7,255,255,255,255,255,255,255,255,0,0,1,1,255,255
64.8,255,255,255,255,255,255,255,255,0,0,1,1,255,255
64.9,255,255,255,255,255,255,255,255,0,0,1,1,255,255
65.0,255,255,255,255,255,255,255,255,0,0,1,1,255,255
65.1,0,0,0,0,0,0,0,0,0,0,1,1,255,255
65.2,0,0,0,0,0,0,0,0,0,0,1,1,255,255
65.3,0,0,0,0,0,0,0,0,0,0,0,0,255,255
65.4,0,0,0,0,0,0,0,0,0,0,0,0,255,255
65.5,0,0,0,0,0,0,0,0,0,0,0,0,255,255
65.6,0,0,0,0,0,0,0,0,0,0,0,0,255,255
65.7,0,0,0,0,0,0,0,0,0,0,0,0,255,255
65.8,0,0,0,0,0,0,0,0,0,0,1,1,255,255
65.9,0,0,0,0,0,0,0,0,0,0,1,1,255,255
66.0,0,0,0,0,0,0,0,0,0,0,0,0,255,255
66.1,0,0,0,0,0,0,0,0,0,0,0,0,255,255
66.2,0,0,0,0,0,0,0,0,0,0,0,0,255,255
66.3,0,0,0,0,0,0,0,0,0,0,0,0,255,255
66.4,0,0,0,0,0,0,0,0,0,0,0,0,255,255
66.5,0,0,0,0,0,0,0,0,0,0,0,0,255,255
66.6,0,0,0,0,0,0,0,0,0,0,0,0,255,255
66.7,0,0,0,0,0,0,0,0,0,0,0,0,255,255
66.8,0,0,0,0,0,0,0,0,0,0,0,0,255,255
66.9,0,0,0,0,0,0,0,0,0,0,0,0,255,255
67.0,0,0,0,0,0,0,0,0,0,0,0,0,255,255
67.1,0,0,0,0,0,0,0,0,0,0,0,0,255,255
67.2,0,0,0,0,0,0,0,0,0,0,0,0,255,255
67.3,0,0,0,0,0,0,0,0,0,0,1,1,255,255
67.4,0,0,0,0,0,0,0,0,0,0,1,1,255,255
67.5,0,0,0,0,0,0,0,0,0,0,1,1,255,255
67.6,0,0,0,0,0,0,0,0,0,0,1,1,255,255
67.7,0,0,0,0,0,0,0,0,0,0,1,1,255,255
67.8,0,0,0,0,0,0,0,0,0,0,1,1,255,255
67.9,0,0,0,0,0,0,0,0,0,0,1,1,255,255
68.0,0,0,0,0,0,0,0,0,0,0,1,1,255,255
68.1,0,0,0,0,0,0,0,0,0,0,1,1,255,255
68.2,128,128,128,128,128,128,128,128,255,255,1,1,255,255
68.3,0,0,0,0,0,0,0,0,0,0,1,1,255,255
68.4,0,0,0,0,0,0,0,0,0,0,1,1,255,255
68.5,0,0,0,0,0,0,0,0,0,0,1,1,255,255
68.6,128,128,128,128,128,128,128,128,255,255,1,1,255,255
68.7,128,128,128,128,128,128,128,128,255,255,1,1,255,255
68.8,128,128,128,128,128,128,128,128,255,255,1,1,255,255
68.9,128,128,128,128,128,128,128,128,0,0,1,1,255,255
69.0,128,128,128,128,128,128,128,128,255,255,1,1,255,255
69.1,128,128,128,128,128,128,128,128,255,255,1,1,255,255
69.2,128,128,128,128,128,128,128,128,255,255,1,1,255,255
69.3,128,128,128,128,128,128,128,128,0,0,1,1,255,255
69.4,128,128,128,128,128,128,128,128,255,255,1,1,255,255
69.5,128,128,128,128,128,128,128,128,255,255,0,0,255,255
69.6,128,128,128,128,128,128,128,128,255,255,0,0,255,255
69.7,128,128,128,128,128,128,128,128,0,0,0,0,255,255
69.8,128,128,128,128,128,128,128,128,255,255,0,0,255,255
69.9,0,0,0,0,0,0,0,0,0,0,0,0,255,255
70.0,0,0,0,0,0,0,0,0,0,0,0,0,255,255
70.1,0,0,0,0,0,0,0,0,0,0,0,0,255,255
70.2,0,0,0,0,0,0,0,0,0,0,0,0,255,255
70.3,0,0,0,0,0,0,0,0,0,0,0,0,255,255
70.4,0,0,0,0,0,0,0,0,0,0,0,0,255,255
70.5,0,0,0,0,0,0,0,0,0,0,0,0,255,255
70.6,0,0,0,0,0,0,0,0,0,0,0,0,255,255
70.7,0,0,0,0,0,0,0,0,0,0,0,0,255,255
70.8,0,0,0,0,0,0,0,0,0,0,0,0,255,255
70.9,255,255,255,255,255,255,255,255,0,0,0,0,255,255
71.0,255,255,255,255,255,255,255,255,0,0,0,0,255,255
71.1,0,0,0,0,0,0,0,0,0,0,0,0,255,255
71.2,0,0,0,0,0,0,0,0,0,0,0,0,255,255
71.3,0,0,0,0,0,0,0,0,0,0,0,0,255,255
71.4,0,0,0,0,0,0,0,0,0,0,1,1,255,255
71.5,0,0,0,0,0,0,0,0,0,0,1,1,255,255
71.6,0,0,0,0,0,0,0,0,0,0,1,1,255,255
71.7,0,0,0,0,0,0,0,0,0,0,1,1,255,255
71.8,0,0,0,0,0,0,0,0,0,0,1,1,255,255
71.9,0,0,0,0,0,0,0,0,0,0,1,1,255,255
72.0,255,255,255,255,255,255,255,255,0,0,1,1,255,255
72.1,0,0,0,0,0,0,0,0,0,0,1,1,255,255
72.2,0,0,0,0,0,0,0,0,0,0,1,1,255,255
72.3,0,0,0,0,0,0,0,0,0,0,1,1,255,255
72.4,0,0,0,0,0,0,0,0,0,0,1,1,255,255
72.5,255,255,255,255,255,255,255,255,0,0,1,1,255,255
72.6,255,255,255,255,255,255,255,255,0,0,1,1,255,255
72.7,0,0,0,0,0,0,0,0,0,0,1,1,255,255
72.8,0,0,0,0,0,0,0,0,0,0,1,1,255,255
72.9,0,0,0,0,0,0,0,0,0,0,1,1,255,255
73.0,0,0,0,0,0,0,0,0,0,0,0,0,255,255
73.1,0,0,0,0,0,0,0,0,0,0,0,0,255,255
73.2,0,0,0,0,0,0,0,0,0,0,0,0,255,255
73.3,0,0,0,0,0,0,0,0,0,0,0,0,255,255
73.4,0,0,0,0,0,0,0,0,0,0,0,0,255,255
73.5,0,0,0,0,0,0,0,0,0,0,0,0,255,255
73.6,255,255,255,255,255,255,255,255,0,0,1,1,255,255
73.7,255,255,255,255,255,255,255,255,0,0,0,0,255,255
73.8,255,255,255,255,255,255,255,255,0,0,0,0,255,255
73.9,255,255,255,255,255,255,255,255,0,0,0,0,255,255
74.0,255,255,255,255,255,255,255,255,0,0,0,0,255,255
74.1,255,255,255,255,255,255,255,255,0,0,0,0,255,255
74.2,128,128,128,128,128,128,128,128,0,0,0,0,255,255
74.3,0,0,0,0,0,0,0,0,0,0,0,0,255,255
74.4,0,0,0,0,0,0,0,0,0,0,1,1,255,255
74.5,0,0,0,0,0,0,0,0,0,0,1,1,255,255
74.6,0,0,0,0,0,0,0,0,0,0,1,1,255,255
74.7,0,0,0,0,0,0,0,0,0,0,1,1,255,255
74.8,0,0,0,0,0,0,0,0,0,0,1,1,255,255
74.9,0,0,0,0,0,0,0,0,0,0,1,1,255,255
75.0,0,0,0,0,0,0,0,0,0,0,0,0,255,255
75.1,0,0,0,0,0,0,0,0,0,0,0,0,255,255
75.2,0,0,0,0,0,0,0,0,0,0,0,0,255,255
75.3,0,0,0,0,0,0,0,0,0,0,1,1,255,255
75.4,0,0,0,0,0,0,0,0,0,0,0,0,255,255
75.5,255,255,255,255,255,255,255,255,0,0,0,0,255,255
75.6,255,255,255,255,255,255,255,255,0,0,1,1,255,255
75.7,0,0,0,0,0,0,0,0,0,0,1,1,255,255
75.8,0,0,0,0,0,0,0,0,0,0,0,0,255,255
75.9,0,0,0,0,0,0,0,0,0,0,1,1,255,255
76.0,0,0,0,0,0,0,0,0,0,0,0,0,255,255
76.1,0,0,0,0,0,0,0,0,0,0,0,0,255,255
76.2,0,0,0,0,0,0,0,0,0,0,0,0,255,255
76.3,0,0,0,0,0,0,0,0,0,0,0,0,255,255
76.4,0,0,0,0,0,0,0,0,0,0,1,1,255,255
76.5,0,0,0,0,0,0,0,0,0,0,1,1,255,255
76.6,0,0,0,0,0,0,0,0,0,0,1,1,255,255
76.7,0,0,0,0,0,0,0,0,0,0,1,1,255,255
76.8,0,0,0,0,0,0,0,0,0,0,1,1,255,255
76.9,0,0,0,0,0,0,0,0,0,0,1,1,255,255
77.0,0,0,0,0,0,0,0,0,0,0,1,1,255,255
77.1,0,0,0,0,0,0,0,0,0,0,1,1,255,255
77.2,0,0,0,0,0,0,0,0,0,0,1,1,255,255
77.3,0,0,0,0,0,0,0,0,0,0,1,1,255,255
77.4,0,0,0,0,0,0,0,0,0,0,1,1,255,255
77.5,0,0,0,0,0,0,0,0,0,0,1,1,255,255
77.6,0,0,0,0,0,0,0,0,0,0,1,1,255,255
77.7,128,128,128,128,128,128,128,128,255,255,1,1,255,255
77.8,128,128,128,128,128,128,128,128,255,255,1,1,255,255
77.9,128,128,128,128,128,128,128,128,255,255,1,1,255,255
78.0,128,128,128,128,128,128,128,128,0,0,1,1,255,255
78.1,0,0,0,0,0,0,0,0,0,0,1,1,255,255
78.2,0,0,0,0,0,0,0,0,0,0,1,1,255,255
78.3,0,0,0,0,0,0,0,0,0,0,0,0,255,255
78.4,0,0,0,0,0,0,0,0,0,0,0,0,255,255
78.5,0,0,0,0,0,0,0,0,0,0,0,0,255,255
78.6,0,0,0,0,0,0,0,0,0,0,0,0,255,255
78.7,0,0,0,0,0,0,0,0,0,0,1,1,255,255
78.8,0,0,0,0,0,0,0,0,0,0,1,1,255,255
78.9,255,255,255,255,255,255,255,255,0,0,1,1,255,255
79.0,128,128,128,128,128,128,128,128,0,0,1,1,255,255
79.1,128,128,128,128,128,128,128,128,0,0,1,1,255,255
79.2,0,0,0,0,0,0,0,0,0,0,1,1,255,255
79.3,0,0,0,0,0,0,0,0,0,0,1,1,255,255
79.4,0,0,0,0,0,0,0,0,0,0,1,1,255,255
79.5,255,255,255,255,255,255,255,255,0,0,1,1,255,255
79.6,0,0,0,0,0,0,0,0,0,0,1,1,255,255
79.7,0,0,0,0,0,0,0,0,0,0,1,1,255,255
79.8,0,0,0,0,0,0,0,0,0,0,1,1,255,255
79.9,0,0,0,0,0,0,0,0,0,0,1,1,255,255
80.0,0,0,0,0,0,0,0,0,0,0,1,1,255,255
80.1,0,0,0,0,0,0,0,0,0,0,1,1,255,255
80.2,0,0,0,0,0,0,0,0,0,0,1,1,255,255
80.3,0,0,0,0,0,0,0,0,0,0,1,1,255,255
80.4,128,128,128,128,128,128,128,128,255,255,1,1,255,255
80.5,128,128,128,128,128,128,128,128,255,255,1,1,255,255
80.6,0,0,0,0,0,0,0,0,0,0,1,1,255,255
80.7,0,0,0,0,0,0,0,0,0,0,1,1,255,255
80.8,0,0,0,0,0,0,0,0,0,0,1,1,255,255
80.9,0,0,0,0,0,0,0,0,0,0,1,1,255,255
81.0,0,0,0,0,0,0,0,0,0,0,1,1,255,255
81.1,255,255,255,255,255,255,255,255,0,0,1,1,255,255
81.2,255,255,255,255,255,255,255,255,0,0,1,1,255,255
81.3,0,0,0,0,0,0,0,0,0,0,1,1,255,255
81.4,0,0,0,0,0,0,0,0,0,0,1,1,255,255
81.5,0,0,0,0,0,0,0,0,0,0,1,1,255,255
81.6,0,0,0,0,0,0,0,0,0,0,1,1,255,255
81.7,0,0,0,0,0,0,0,0,0,0,1,1,255,255
81.8,0,0,0,0,0,0,0,0,0,0,1,1,255,255
81.9,0,0,0,0,0,0,0,0,0,0,1,1,255,255
82.0,0,0,0,0,0,0,0,0,0,0,1,1,255,255
82.1,0,0,0,0,0,0,0,0,0,0,1,1,255,255
82.2,0,0,0,0,0,0,0,0,0,0,1,1,255,255
82.3,0,0,0,0,0,0,0,0,0,0,1,1,255,255
82.4,0,0,0,0,0,0,0,0,0,0,1,1,255,255
82.5,0,0,0,0,0,0,0,0,0,0,1,1,255,255
82.6,0,0,0,0,0,0,0,0,0,0,1,1,255,255
82.7,0,0,0,0,0,0,0,0,0,0,1,1,255,255
82.8,0,0,0,0,0,0,0,0,0,0,1,1,255,255
82.9,0,0,0,0,0,0,0,0,0,0,1,1,255,255
83.0,0,0,0,0,0,0,0,0,0,0,1,1,255,255
83.1,0,0,0,0,0,0,0,0,0,0,1,1,255,255
83.2,0,0,0,0,0,0,0,0,0,0,1,1,255,255
83.3,0,0,0,0,0,0,0,0,0,0,1,1,255,255
83.4,0,0,0,0,0,0,0,0,0,0,1,1,255,255
83.5,0,0,0,0,0,0,0,0,0,0,1,1,255,255
83.6,255,255,255,255,255,255,255,255,0,0,1,1,255,255
83.7,255,255,255,255,255,255,255,255,0,0,0,0,255,255
83.8,255,255,255,255,255,255,255,255,0,0,0,0,255,255
83.9,0,0,0,0,0,0,0,0,0,0,0,0,255,255
84.0,0,0,0,0,0,0,0,0,0,0,0,0,255,255
84.1,0,0,0,0,0,0,0,0,0,0,0,0,255,255
84.2,255,255,255,255,255,255,255,255,0,0,0,0,255,255
84.3,0,0,0,0,0,0,0,0,0,0,0,0,255,255
84.4,0,0,0,0,0,0,0,0,0,0,0,0,255,255
84.5,255,255,255,255,255,255,255,255,0,0,0,0,255,255
84.6,0,0,0,0,0,0,0,0,0,0,0,0,255,255
84.7,0,0,0,0,0,0,0,0,0,0,0,0,255,255
84.8,0,0,0,0,0,0,0,0,0,0,0,0,255,255
84.9,0,0,0,0,0,0,0,0,0,0,0,0,255,255
85.0,0,0,0,0,0,0,0,0,0,0,0,0,255,255
85.1,0,0,0,0,0,0,0,0,0,0,0,0,255,255
85.2,0,0,0,0,0,0,0,0,0,0,0,0,255,255
85.3,0,0,0,0,0,0,0,0,0,0,0,0,255,255
85.4,0,0,0,0,0,0,0,0,0,0,0,0,255,255
85.5,0,0,0,0,0,0,0,0,0,0,0,0,255,255
85.6,0,0,0,0,0,0,0,0,0,0,0,0,255,255
85.7,0,0,0,0,0,0,0,0,0,0,0,0,255,255
85.8,0,0,0,0,0,0,0,0,0,0,0,0,255,255
85.9,0,0,0,0,0,0,0,0,0,0,0,0,255,255
86.0,0,0,0,0,0,0,0,0,0,0,0,0,255,255
86.1,0,0,0,0,0,0,0,0,0,0,0,0,255,255
86.2,0,0,0,0,0,0,0,0,0,0,0,0,255,255
86.3,0,0,0,0,0,0,0,0,0,0,0,0,255,255
86.4,0,0,0,0,0,0,0,0,0,0,0,0,255,255
86.5,0,0,0,0,0,0,0,0,0,0,0,0,255,255
86.6,0,0,0,0,0,0,0,0,0,0,0,0,255,255
86.7,0,0,0,0,0,0,0,0,0,0,0,0,255,255
86.8,0,0,0,0,0,0,0,0,0,0,0,0,255,255
86.9,0,0,0,0,0,0,0,0,0,0,0,0,255,255
87.0,0,0,0,0,0,0,0,0,0,0,0,0,255,255
87.1,0,0,0,0,0,0,0,0,0,0,0,0,255,255
87.2,0,0,0,0,0,0,0,0,0,0,0,0,255,255
87.3,0,0,0,0,0,0,0,0,0,0,0,0,255,255
87.4,0,0,0,0,0,0,0,0,0,0,0,0,255,255
87.5,0,0,0,0,0,0,0,0,0,0,0,0,255,255
87.6,0,0,0,0,0,0,0,0,0,0,0,0,255,255
87.7,0,0,0,0,0,0,0,0,0,0,0,0,255,255
87.8,0,0,0,0,0,0,0,0,0,0,0,0,255,255
87.9,0,0,0,0,0,0,0,0,0,0,0,0,255,255
88.0,0,0,0,0,0,0,0,0,0,0,0,0,255,255
88.1,0,0,0,0,0,0,0,0,0,0,0,0,255,255
88.2,0,0,0,0,0,0,0,0,0,0,0,0,255,255
88.3,0,0,0,0,0,0,0,0,0,0,0,0,255,255
88.4,0,0,0,0,0,0,0,0,0,0,0,0,255,255
88.5,0,0,0,0,0,0,0,0,0,0,0,0,255,255
88.6,0,0,0,0,0,0,0,0,0,0,0,0,255,255
88.7,0,0,0,0,0,0,0,0,0,0,0,0,255,255
88.8,0,0,0,0,0,0,0,0,0,0,0,0,255,255
88.9,0,0,0,0,0,0,0,0,0,0,0,0,255,255
89.0,0,0,0,0,0,0,0,0,0,0,0,0,255,255
89.1,128,128,128,128,128,128,128,128,0,0,0,0,255,255
89.2,0,0,0,0,0,0,0,0,0,0,0,0,255,255
89.3,0,0,0,0,0,0,0,0,0,0,0,0,255,255
89.4,0,0,0,0,0,0,0,0,0,0,1,1,255,255
89.5,0,0,0,0,0,0,0,0,0,0,0,0,255,255
89.6,0,0,0,0,0,0,0,0,0,0,0,0,255,255
89.7,0,0,0,0,0,0,0,0,0,0,0,0,255,255
89.8,0,0,0,0,0,0,0,0,0,0,0,0,255,255
89.9,0,0,0,0,0,0,0,0,0,0,0,0,255,255
90.0,0,0,0,0,0,0,0,0,0,0,0,0,255,255
90.1,0,0,0,0,0,0,0,0,0,0,0,0,255,255
90.2,0,0,0,0,0,0,0,0,0,0,0,0,255,255
90.3,0,0,0,0,0,0,0,0,0,0,0,0,255,255
90.4,0,0,0,0,0,0,0,0,0,0,0,0,255,255
90.5,0,0,0,0,0,0,0,0,0,0,0,0,255,255
90.6,0,0,0,0,0,0,0,0,0,0,0,0,255,255
90.7,0,0,0,0,0,0,0,0,0,0,0,0,255,255
90.8,0,0,0,0,0,0,0,0,0,0,0,0,255,255
90.9,0,0,0,0,0,0,0,0,0,0,0,0,255,255
91.0,0,0,0,0,0,0,0,0,0,0,1,1,255,255
91.1,0,0,0,0,0,0,0,0,0,0,0,0,255,255
91.2,255,255,255,255,255,255,255,255,0,0,0,0,255,255
91.3,0,0,0,0,0,0,0,0,0,0,0,0,255,255
91.4,0,0,0,0,0,0,0,0,0,0,0,0,255,255
91.5,0,0,0,0,0,0,0,0,0,0,0,0,255,255
91.6,0,0,0,0,0,0,0,0,0,0,0,0,255,255
91.7,0,0,0,0,0,0,0,0,0,0,0,0,255,255
91.8,0,0,0,0,0,0,0,0,0,0,0,0,255,255
91.9,255,255,255,255,255,255,255,255,0,0,0,0,255,255
92.0,255,255,255,255,255,255,255,255,0,0,0,0,255,255
92.1,255,255,255,255,255,255,255,255,0,0,0,0,255,255
92.2,255,255,255,255,255,255,255,255,0,0,0,0,255,255
92.3,255,255,255,255,255,255,255,255,0,0,0,0,255,255
92.4,128,128,128,128,128,128,128,128,255,255,1,1,255,255
92.5,128,128,128,128,128,128,128,128,255,255,1,1,255,255
92.6,128,128,128,128,128,128,128,128,255,255,1,1,255,255
92.7,128,128,128,128,128,128,128,128,0,0,1,1,255,255
92.8,128,128,128,128,128,128,128,128,255,255,1,1,255,255
92.9,128,128,128,128,128,128,128,128,255,255,1,1,255,255
93.0,128,128,128,128,128,128,128,128,255,255,1,1,255,255
93.1,128,128,128,128,128,128,128,128,0,0,1,1,255,255
93.2,128,128,128,128,128,128,128,128,255,255,1,1,255,255
93.3,128,128,128,128,128,128,128,128,255,255,1,1,255,255
93.4,0,0,0,0,0,0,0,0,0,0,0,0,255,255
93.5,0,0,0,0,0,0,0,0,0,0,0,0,255,255
93.6,0,0,0,0,0,0,0,0,0,0,0,0,255,255
93.7,0,0,0,0,0,0,0,0,0,0,0,0,255,255
93.8,0,0,0,0,0,0,0,0,0,0,0,0,255,255
93.9,0,0,0,0,0,0,0,0,0,0,0,0,255,255
94.0,0,0,0,0,0,0,0,0,0,0,0,0,255,255
94.1,0,0,0,0,0,0,0,0,0,0,0,0,255,255
94.2,0,0,0,0,0,0,0,0,0,0,0,0,255,255
94.3,0,0,0,0,0,0,0,0,0,0,0,0,255,255
94.4,0,0,0,0,0,0,0,0,0,0,0,0,255,255
94.5,0,0,0,0,0,0,0,0,0,0,0,0,255,255
94.6,0,0,0,0,0,0,0,0,0,0,0,0,255,255
94.7,0,0,0,0,0,0,0,0,0,0,0,0,255,255
94.8,255,255,255,255,255,255,255,255,0,0,0,0,255,255
94.9,255,255,255,255,255,255,255,255,0,0,1,1,255,255
95.0,255,255,255,255,255,255,255,255,0,0,0,0,255,255
95.1,0,0,0,0,0,0,0,0,0,0,0,0,255,255
95.2,0,0,0,0,0,0,0,0,0,0,0,0,255,255
95.3,0,0,0,0,0,0,0,0,0,0,0,0,255,255
95.4,0,0,0,0,0,0,0,0,0,0,0,0,255,255
95.5,255,255,255,255,255,255,255,255,0,0,0,0,255,255
95.6,255,255,255,255,255,255,255,255,0,0,1,1,255,255
95.7,255,255,255,255,255,255,255,255,0,0,0,0,255,255
95.8,255,255,255,255,255,255,255,255,0,0,0,0,255,255
95.9,255,255,255,255,255,255,255,255,0,0,0,0,255,255
96.0,255,255,255,255,255,255,255,255,0,0,0,0,255,255
96.1,255,255,255,255,255,255,255,255,0,0,1,1,255,255
96.2,0,0,0,0,0,0,0,0,0,0,0,0,255,255
96.3,0,0,0,0,0,0,0,0,0,0,0,0,255,255
96.4,0,0,0,0,0,0,0,0,0,0,0,0,255,255
96.5,0,0,0,0,0,0,0,0,0,0,0,0,255,255
96.6,0,0,0,0,0,0,0,0,0,0,0,0,255,255
96.7,0,0,0,0,0,0,0,0,0,0,0,0,255,255
96.8,0,0,0,0,0,0,0,0,0,0,0,0,255,255
96.9,0,0,0,0,0,0,0,0,0,0,0,0,255,255
97.0,0,0,0,0,0,0,0,0,0,0,0,0,255,255
97.1,0,0,0,0,0,0,0,0,0,0,0,0,255,255
97.2,0,0,0,0,0,0,0,0,0,0,0,0,255,255
97.3,0,0,0,0,0,0,0,0,0,0,0,0,255,255
97.4,0,0,0,0,0,0,0,0,0,0,0,0,255,255
97.5,0,0,0,0,0,0,0,0,0,0,0,0,255,255
97.6,128,128,128,128,128,128,128,128,255,255,0,0,255,255
97.7,128,128,128,128,128,128,128,128,255,255,0,0,255,255
97.8,128,128,128,128,128,128,128,128,255,255,0,0,255,255
97.9,128,128,128,128,128,128,128,128,0,0,0,0,255,255
98.0,128,128,128,128,128,128,128,128,255,255,0,0,255,255
98.1,128,128,128,128,128,128,128,128,255,255,0,0,255,255
98.2,128,128,128,128,128,128,128,128,255,255,0,0,255,255
98.3,128,128,128,128,128,128,128,128,0,0,0,0,255,255
98.4,128,128,128,128,128,128,128,128,255,255,0,0,255,255
98.5,128,128,128,128,128,128,128,128,255,255,0,0,255,255
98.6,0,0,0,0,0,0,0,0,0,0,0,0,255,255
98.7,128,128,128,128,128,128,128,128,255,255,0,0,255,255
98.8,128,128,128,128,128,128,128,128,255,255,0,0,255,255
98.9,0,0,0,0,0,0,0,0,0,0,0,0,255,255
99.0,128,128,128,128,128,128,128,128,255,255,0,0,255,255
99.1,128,128,128,128,128,128,128,128,255,255,0,0,255,255
99.2,0,0,0,0,0,0,0,0,0,0,0,0,255,255
99.3,0,0,0,0,0,0,0,0,0,0,0,0,255,255
99.4,128,128,128,128,128,128,128,128,255,255,0,0,255,255
99.5,128,128,128,128,128,128,128,128,255,255,0,0,255,255
99.6,0,0,0,0,0,0,0,0,0,0,0,0,255,255
99.7,0,0,0,0,0,0,0,0,0,0,0,0,255,255
99.8,255,255,255,255,255,255,255,255,0,0,0,0,255,255
99.9,0,0,0,0,0,0,0,0,0,0,0,0,255,255
100.0,0,0,0,0,0,0,0,0,0,0,0,0,255,255
