0.03,41.22,16.3
0.07,41.21,16.3
0.1,41.77,15.8
0.13,41.74,15.01
0.17,41.53,15.05
0.2,41.57,14.59
0.23,41.59,14.3
0.27,40.83,14.29
0.3,40.16,13.95
0.33,40.13,13.95
0.37,40.36,13.84
0.4,39.24,13.55
0.43,39.66,13.31
0.47,40.32,13.37
0.5,40.41,12.84
0.53,41.41,12.88
0.57,43.5,13.51
0.6,41.36,13.18
0.63,41.55,13.11
0.67,41.55,13.11
0.7,41.78,13.56
0.73,45.08,13.96
0.77,46.27,14.02
0.8,46.16,13.84
0.83,46.1,13.84
0.87,46.47,13.74
0.9,45.38,13.49
0.93,47.12,13.54
0.97,45.83,13.05
1.0,45.73,12.97
1.03,46.11,12.58
1.07,5.67,108.39
1.1,5.76,107.89
1.13,6.46,107.97
1.17,5.86,107.18
1.2,5.86,107.18
1.23,5.29,108.03
1.27,5.46,108.48
1.3,5.96,110.03
1.33,5.42,108.11
1.37,5.57,108.3
1.4,5.36,107.81
1.43,4.79,109.47
1.47,4.98,109.36
1.5,4.83,108.53
1.53,4.92,108.56
1.57,4.84,106.83
1.6,4.92,106.09
1.63,5.21,105.97
1.67,4.95,104.92
1.7,4.96,104.79
1.73,5.33,104.92
1.77,5.18,102.69
1.8,4.77,103.46
1.83,5.02,102.39
1.87,5.04,102.44
1.9,5.08,102.89
1.93,5.15,101.42
1.97,5.4,101.71
2.0,6.53,102.16
2.03,6.62,102.18
2.07,9.1,102.62
2.1,8.86,103.45
2.13,8.12,104.41
2.17,8.09,105.11
2.2,8.55,104.97
2.23,7.92,104.86
2.27,8.14,106.78
2.3,8.14,105.72
2.33,6.5,105.19
2.37,6.53,105.2
2.4,6.04,106.39
2.43,5.68,105.63
2.47,6.11,105.11
2.5,6.0,104.22
2.53,5.99,104.29
2.57,6.58,104.85
2.6,5.64,103.8
2.63,6.25,104.83
2.67,6.0,105.39
2.7,5.99,105.27
2.73,6.42,105.5
2.77,6.64,106.28
2.8,6.54,105.0
2.83,6.15,105.89
2.87,6.09,105.81
2.9,5.98,104.82
2.93,5.72,106.67
2.97,5.83,106.8
3.0,5.59,107.6
3.03,5.88,106.4
3.07,5.34,106.43
3.1,5.37,107.79
3.13,6.36,108.94
3.17,5.92,108.87
3.2,6.26,109.06
3.23,6.29,109.72
3.27,6.32,109.64
3.3,6.5,109.75
3.33,6.5,109.72
3.37,6.46,110.2
3.4,6.33,108.5
3.43,5.85,109.76
3.47,5.57,108.89
3.5,5.67,109.42
3.53,5.3,109.53
3.57,5.38,109.24
3.6,5.09,108.97
3.63,5.41,109.85
3.67,5.7,109.55
3.7,5.67,109.56
3.73,5.46,108.58
3.77,5.08,109.43
3.8,5.67,110.94
3.83,5.61,110.92
3.87,28.84,13.31
3.9,28.46,13.59
3.93,27.7,13.59
3.97,27.75,13.49
4.0,27.76,13.44
4.03,28.84,13.16
4.07,29.55,13.28
4.1,30.64,13.2
4.13,31.75,12.96
4.17,31.73,12.94
4.2,32.62,13.03
4.23,34.78,13.01
4.27,35.33,12.98
4.3,37.04,12.95
4.33,37.16,12.99
4.37,37.73,12.27
4.4,38.83,11.86
4.43,37.3,11.43
4.47,36.19,11.07
4.5,36.19,10.82
4.53,35.23,10.64
4.57,34.37,10.12
4.6,34.55,9.53
4.63,33.41,9.21
4.67,33.35,9.3
4.7,32.77,9.39
4.73,33.67,10.32
4.77,34.24,10.6
4.8,33.2,11.7
4.83,32.99,11.61
4.87,32.95,12.11
4.9,32.98,13.22
4.93,32.23,13.93
4.97,32.06,14.77
5.0,31.65,15.52
5.03,30.67,17.14
5.07,29.91,17.84
5.1,26.18,17.32
5.13,26.93,16.61
5.17,26.93,16.61
5.2,29.02,19.98
5.23,29.97,19.23
5.27,27.12,19.78
5.3,27.12,19.78
5.33,24.11,19.07
5.37,28.88,19.11
5.4,33.41,25.39
5.43,26.89,24.88
5.47,26.89,24.88
5.5,19.91,29.57
5.53,12.86,5.13
5.57,34.47,0.38
5.6,14.56,0.79
5.63,43.49,2.88
5.67,43.47,2.81
5.7,80.72,41.83
5.73,27.55,29.79
5.77,28.86,33.06
5.8,27.61,22.55
5.83,36.76,30.46
5.87,37.4,30.73
5.9,48.06,23.09
5.93,33.65,22.8
5.97,51.09,46.01
6.0,51.49,45.8
6.03,42.94,43.2
6.07,43.1,47.98
6.1,50.88,39.48
6.13,30.93,111.3
6.17,30.43,111.49
6.2,22.09,113.69
6.23,22.93,108.58
6.27,34.05,111.83
6.3,44.08,80.39
6.33,44.23,80.03
6.37,32.11,57.81
6.4,39.08,59.21
6.43,27.77,46.55
6.47,13.21,35.98
6.5,13.02,36.38
6.53,13.57,34.81
6.57,28.6,19.04
6.6,37.42,28.88
6.63,23.29,33.76
6.67,23.93,34.16
6.7,22.16,33.2
6.73,24.92,48.88
6.77,33.09,53.62
6.8,34.14,54.12
6.83,33.69,54.38
6.87,24.18,45.1
6.9,0.0,0.0
6.93,0.0,0.0
6.97,0.0,0.0
7.0,0.12,4.88
7.03,0.12,4.88
7.07,22.19,13.32
7.1,49.66,18.25
7.13,0.01,3.42
7.17,0.01,3.5
7.2,39.63,18.57
7.23,40.31,90.98
7.27,26.86,54.72
7.3,42.29,69.56
7.33,42.42,69.06
7.37,56.02,36.45
7.4,6.58,7.85
7.43,0.62,3.0
7.47,3.13,13.07
7.5,2.99,12.96
7.53,5.95,46.97
7.57,2.05,56.53
7.6,5.86,34.23
7.63,7.94,43.25
7.67,7.92,43.06
7.7,7.95,54.23
7.73,4.28,49.3
7.77,1.43,45.76
7.8,0.28,21.59
7.83,0.28,21.58
7.87,0.94,16.94
7.9,0.48,12.04
7.93,39.0,23.8
7.97,14.05,6.96
8.0,14.12,7.0
8.03,7.28,8.85
8.07,10.14,14.22
8.1,47.03,25.86
8.13,39.98,25.93
8.17,39.88,26.13
8.2,23.77,24.86
8.23,39.45,20.3
8.27,27.54,15.65
8.3,41.84,17.89
8.33,42.04,18.14
8.37,39.9,18.64
8.4,41.41,19.44
8.43,54.52,21.04
8.47,57.76,20.66
8.5,57.67,20.55
8.53,53.03,23.68
8.57,46.28,26.54
8.6,49.08,26.11
8.63,48.16,26.24
8.67,50.62,25.36
8.7,40.27,29.33
8.73,41.44,29.55
8.77,50.87,26.96
8.8,50.91,26.88
8.83,50.87,20.19
8.87,43.99,9.93
8.9,42.91,19.72
8.93,175.26,4.43
8.97,174.7,13.07
9.0,172.69,13.45
9.03,172.03,15.6
9.07,177.27,7.29
9.1,164.66,5.89
9.13,144.18,2.0
9.17,143.16,1.95
9.2,144.24,4.22
9.23,119.0,16.61
9.27,89.14,8.22
9.3,41.51,21.01
9.33,41.39,22.18
9.37,22.09,19.86
9.4,24.7,21.59
9.43,15.06,25.26
9.47,14.36,36.01
9.5,11.34,37.73
9.53,11.35,37.94
9.57,23.25,33.11
9.6,37.14,23.55
9.63,45.65,17.91
9.67,45.63,17.94
9.7,39.33,14.81
9.73,70.94,19.05
9.77,89.51,24.65
9.8,89.97,30.78
9.83,92.03,30.98
9.87,91.72,24.7
9.9,76.71,27.11
9.93,69.53,34.26
9.97,71.56,32.52
10.0,70.0,33.12
10.03,72.48,31.09
10.07,75.05,29.36
10.1,74.55,26.34
10.13,75.17,26.5
10.17,78.86,26.93
10.2,78.94,25.36
10.23,75.02,24.09
10.27,76.43,23.23
10.3,78.13,22.77
10.33,78.44,22.8
10.37,79.06,21.01
10.4,81.44,22.25
10.43,78.36,24.6
10.47,78.86,25.53
10.5,78.98,25.53
10.53,73.61,27.54
10.57,75.05,26.43
10.6,74.28,26.2
10.63,71.7,26.74
10.67,72.03,26.66
10.7,71.35,25.45
10.73,69.89,24.73
10.77,67.22,25.66
10.8,62.71,26.79
10.83,62.7,26.78
10.87,62.69,26.49
10.9,1.11,7.2
10.93,1.52,5.75
10.97,1.85,10.78
11.0,1.8,10.74
11.03,2.29,4.79
11.07,1.56,2.09
11.1,2.03,1.8
11.13,2.22,1.69
11.17,2.4,3.08
11.2,2.33,4.82
11.23,2.38,2.95
11.27,3.76,3.78
11.3,3.75,3.78
11.33,4.72,6.33
11.37,2.25,38.05
11.4,1.23,62.32
11.43,2.27,105.77
11.47,2.31,105.87
11.5,0.71,100.12
11.53,0.98,163.01
11.57,0.31,115.11
11.6,1.6,108.53
11.63,1.64,108.84
11.67,0.08,52.24
11.7,0.01,42.58
11.73,0.02,73.23
11.77,0.1,50.32
11.8,0.1,50.48
11.83,0.31,30.71
11.87,2.02,31.84
11.9,4.05,38.52
11.93,4.53,48.44
11.97,5.38,80.19
12.0,5.6,80.08
12.03,5.74,103.01
12.07,5.07,99.11
12.1,5.54,92.97
12.13,4.32,98.56
12.17,4.26,98.19
12.2,2.46,86.36
12.23,2.09,90.02
12.27,4.22,85.84
12.3,2.79,85.91
12.33,2.83,85.62
12.37,3.56,98.94
12.4,1.78,59.58
12.43,1.34,46.44
12.47,2.25,43.02
12.5,2.18,42.73
12.53,3.06,49.67
12.57,3.25,59.66
12.6,9.02,68.11
12.63,7.02,74.51
12.67,7.04,74.39
12.7,8.0,70.86
12.73,5.67,106.14
12.77,9.66,84.47
12.8,9.22,53.55
12.83,7.54,53.7
12.87,7.19,43.88
12.9,5.36,36.39
12.93,8.72,36.12
12.97,11.07,52.7
13.0,11.16,51.61
13.03,6.44,33.86
13.07,8.38,51.12
13.1,8.69,62.48
13.13,2.35,49.76
13.17,2.31,49.77
13.2,4.28,48.22
13.23,2.89,52.95
13.27,3.35,71.69
13.3,2.0,62.16
13.33,1.98,62.47
13.37,1.0,127.55
13.4,1.16,143.17
13.43,0.8,140.33
13.47,1.42,113.87
13.5,1.43,113.72
13.53,0.58,159.74
13.57,0.52,120.64
13.6,0.7,49.26
13.63,0.53,125.22
13.67,0.52,125.22
13.7,1.53,34.08
13.73,0.42,17.05
13.77,1.25,34.18
13.8,2.12,14.4
13.83,2.21,14.44
13.87,2.43,16.72
13.9,0.57,14.48
13.93,0.68,13.33
13.97,0.7,80.89
14.0,0.71,80.88
14.03,0.66,57.01
14.07,0.28,52.98
14.1,0.75,172.74
14.13,0.76,172.69
14.17,0.52,6.08
14.2,0.29,4.66
14.23,1.5,49.0
14.27,1.75,45.95
14.3,1.67,48.01
14.33,1.38,46.84
14.37,1.56,48.81
14.4,1.53,42.0
14.43,1.78,39.88
14.47,2.18,39.66
14.5,1.39,38.23
14.53,1.69,28.35
14.57,1.67,30.61
14.6,2.45,20.54
14.63,0.66,17.18
14.67,0.66,17.16
14.7,0.21,15.7
14.73,0.42,12.83
14.77,2.0,10.01
14.8,2.36,11.49
14.83,2.36,11.49
14.87,1.53,27.4
14.9,1.97,14.39
14.93,0.47,27.41
14.97,2.38,42.72
15.0,2.38,42.66
15.03,6.75,25.37
15.07,8.07,22.04
15.1,7.87,18.31
15.13,9.01,15.32
15.17,8.8,15.69
15.2,8.02,13.12
15.23,7.88,20.7
15.27,12.85,20.17
15.3,15.18,17.25
15.33,15.15,17.1
15.37,12.12,16.53
15.4,10.26,22.18
15.43,9.5,23.07
15.47,7.82,24.21
15.5,7.82,24.23
15.53,7.82,24.42
15.57,9.05,23.28
15.6,8.49,21.61
15.63,8.82,14.31
15.67,9.4,14.27
15.7,16.9,19.0
15.73,1.47,16.12
15.77,24.09,24.82
15.8,18.83,19.77
15.83,18.7,19.77
15.87,25.06,24.95
15.9,14.51,31.14
15.93,13.85,32.27
15.97,13.59,46.95
16.0,13.2,47.0
16.03,6.49,45.09
16.07,8.77,39.59
16.1,15.94,34.86
16.13,52.68,41.78
16.17,52.8,41.97
16.2,39.37,35.19
16.23,20.26,75.54
16.27,22.41,72.08
16.3,21.55,73.9
16.33,20.69,65.5
16.37,3.33,45.12
16.4,13.13,55.8
16.43,17.84,72.67
16.47,17.84,72.76
16.5,30.46,37.12
16.53,23.64,43.8
16.57,35.34,42.42
16.6,37.72,26.36
16.63,37.72,26.27
16.67,30.95,37.12
16.7,33.52,19.98
16.73,38.73,11.52
16.77,29.7,7.08
16.8,28.85,7.08
16.83,26.7,6.25
16.87,23.99,9.35
16.9,23.36,15.5
16.93,23.36,15.48
16.97,18.47,18.23
17.0,17.4,17.92
17.03,17.14,16.1
17.07,17.66,19.03
17.1,16.36,22.66
17.13,16.36,22.84
17.17,11.79,21.77
17.2,17.28,27.25
17.23,9.04,35.7
17.27,0.29,42.72
17.3,0.29,43.31
17.33,0.2,43.66
17.37,0.2,49.77
17.4,0.2,66.03
17.43,0.2,76.52
17.47,0.25,76.17
17.5,0.2,81.89
17.53,0.62,85.72
17.57,0.53,85.75
17.6,1.12,73.47
17.63,1.12,73.5
17.67,7.59,72.46
17.7,11.32,43.95
17.73,14.28,45.8
17.77,11.32,43.6
17.8,11.21,43.69
17.83,11.06,52.69
17.87,14.46,53.95
17.9,19.58,81.78
17.93,16.45,69.8
17.97,16.41,69.31
18.0,1.92,81.83
18.03,7.84,40.05
18.07,14.88,44.2
18.1,7.3,50.74
18.13,7.3,50.48
18.17,2.38,34.09
18.2,2.7,50.03
18.23,3.08,43.22
18.27,0.92,42.02
18.3,1.34,41.62
18.33,3.15,47.3
18.37,2.02,40.85
18.4,3.69,40.43
18.43,4.46,34.49
18.47,4.38,34.15
18.5,7.88,33.06
18.53,4.01,32.72
18.57,2.31,31.8
18.6,1.36,32.13
18.63,1.31,33.05
18.67,2.88,29.39
18.7,3.02,29.37
18.73,5.05,32.71
18.77,2.58,36.4
18.8,2.58,36.44
18.83,2.98,34.29
18.87,4.25,40.66
18.9,3.58,54.27
18.93,3.6,57.16
18.97,3.61,56.7
19.0,2.98,55.53
19.03,3.27,56.35
19.07,3.56,50.27
19.1,3.7,45.93
19.13,3.7,45.93
19.17,3.62,62.53
19.2,2.23,58.17
19.23,2.35,51.06
19.27,2.26,50.76
19.3,2.06,50.12
19.33,1.5,50.23
19.37,1.65,49.84
19.4,1.67,52.17
19.43,1.57,49.1
19.47,1.6,48.97
19.5,1.58,46.28
19.53,1.28,47.69
19.57,2.29,45.98
19.6,2.28,41.7
19.63,2.31,41.47
19.67,2.25,39.41
19.7,1.98,37.19
19.73,1.66,33.42
19.77,1.24,32.2
19.8,1.23,30.64
19.83,1.31,30.33
19.87,1.09,27.79
19.9,1.24,26.35
19.93,0.89,24.41
19.97,0.94,24.55
20.0,0.46,23.63
20.03,3.54,21.62
20.07,2.78,21.13
20.1,2.14,17.47
20.13,2.13,17.5
20.17,2.06,16.73
20.2,0.86,16.48
20.23,0.7,19.02
20.27,0.7,19.02
20.3,0.56,18.53
20.33,0.38,17.75
20.37,0.6,20.88
20.4,0.42,24.0
20.43,0.56,21.73
20.47,0.57,21.92
20.5,0.52,23.39
20.53,0.39,26.84
20.57,0.78,35.48
20.6,0.78,35.62
20.63,1.11,38.83
20.67,1.68,33.96
20.7,4.14,30.05
20.73,5.14,26.46
20.77,5.58,31.02
20.8,5.6,30.73
20.83,6.89,32.11
20.87,15.37,36.17
20.9,15.26,31.76
20.93,15.26,21.94
20.97,15.7,21.41
21.0,12.35,35.69
21.03,9.35,33.84
21.07,12.89,27.25
21.1,8.03,24.96
21.13,7.68,25.18
21.17,8.74,26.73
21.2,9.03,18.33
21.23,17.55,20.7
21.27,16.09,11.64
21.3,15.86,11.82
21.33,14.39,14.03
21.37,9.52,21.75
21.4,12.9,50.06
21.43,27.95,45.9
21.47,27.48,45.52
21.5,6.88,73.78
21.53,12.38,83.42
21.57,15.31,137.97
21.6,18.21,158.65
21.63,18.46,158.54
21.67,16.97,78.33
21.7,22.41,71.58
21.73,76.75,48.54
21.77,41.03,67.12
21.8,39.67,66.67
21.83,24.41,62.35
21.87,35.17,104.8
21.9,45.85,102.81
21.93,17.85,116.31
21.97,17.93,114.86
22.0,30.95,100.3
22.03,16.42,64.89
22.07,21.32,78.36
22.1,16.45,82.92
22.13,16.16,82.79
22.17,2.31,170.97
22.2,1.81,82.75
22.23,2.05,87.76
22.27,15.24,76.45
22.3,15.7,77.78
22.33,23.91,62.38
22.37,21.25,45.47
22.4,56.95,30.84
22.43,58.35,27.21
22.47,52.25,22.68
22.5,52.54,30.41
22.53,26.05,13.07
22.57,2.1,16.7
22.6,3.38,20.18
22.63,3.44,19.32
22.67,78.91,7.87
22.7,19.2,12.12
22.73,53.95,17.95
22.77,55.0,18.03
22.8,60.25,20.23
22.83,115.97,22.77
22.87,53.67,29.96
22.9,72.0,26.89
22.93,72.25,26.76
22.97,53.84,34.98
23.0,37.3,28.18
23.03,28.59,13.51
23.07,30.34,11.8
23.1,30.07,11.12
23.13,12.99,9.37
23.17,16.65,12.4
23.2,13.96,10.16
23.23,13.97,14.98
23.27,13.66,16.06
23.3,12.24,14.81
23.33,12.34,13.15
23.37,11.61,13.06
23.4,13.03,14.79
23.43,12.88,15.61
23.47,14.17,16.95
23.5,14.84,17.82
23.53,14.9,19.85
23.57,11.44,24.18
23.6,11.31,24.55
23.63,14.12,23.8
23.67,14.21,22.77
23.7,17.07,26.92
23.73,12.68,27.9
23.77,12.75,27.63
23.8,11.69,25.54
23.83,9.79,22.82
23.87,7.99,23.91
23.9,5.51,26.26
23.93,5.2,25.86
23.97,4.58,21.09
24.0,4.74,19.19
24.03,2.81,16.18
24.07,3.56,16.58
24.1,3.65,16.68
24.13,2.71,16.32
24.17,2.31,17.18
24.2,2.38,13.42
24.23,2.41,11.5
24.27,2.4,11.35
24.3,2.35,10.27
24.33,1.74,12.41
24.37,0.95,11.75
24.4,1.5,9.99
24.43,1.51,10.21
24.47,1.22,9.99
24.5,0.25,9.31
24.53,0.11,7.99
24.57,0.17,8.09
24.6,0.18,8.12
24.63,0.1,7.74
24.67,0.15,7.37
24.7,0.2,5.45
24.73,0.32,6.71
24.77,0.21,6.96
24.8,0.19,6.95
24.83,0.02,5.97
24.87,0.01,4.96
24.9,0.61,7.71
24.93,0.62,7.79
24.97,0.93,9.12
25.0,1.07,9.4
25.03,0.21,3.68
25.07,0.21,5.87
25.1,0.2,6.03
25.13,0.15,4.04
25.17,0.28,5.45
25.2,0.53,9.46
25.23,119.91,26.19
25.27,119.54,26.25
25.3,441.48,39.23
25.33,481.79,50.59
25.37,3.02,32.94
25.4,1.14,59.15
25.43,1.16,59.2
25.47,1.39,25.27
25.5,1.11,16.44
25.53,1.83,23.02
25.57,1.68,20.3
25.6,1.68,20.3
25.63,1.85,27.0
25.67,1.29,20.69
25.7,0.05,9.29
25.73,0.38,6.78
25.77,0.43,6.82
25.8,0.61,22.28
25.83,0.47,10.82
25.87,1.79,5.79
25.9,0.72,9.47
25.93,0.69,9.51
25.97,0.72,23.78
26.0,1.86,18.8
26.03,3.04,5.04
26.07,2.52,8.43
26.1,2.45,8.62
26.13,1.51,5.71
26.17,1.37,5.64
26.2,0.35,8.74
26.23,0.57,7.69
26.27,0.65,8.08
26.3,0.95,10.39
26.33,0.96,13.05
26.37,2.63,11.01
26.4,2.6,10.97
26.43,2.96,26.73
26.47,2.19,14.84
26.5,2.58,22.66
26.53,3.04,56.79
26.57,3.23,56.89
26.6,4.62,137.24
26.63,1.75,161.29
26.67,2.23,178.75
26.7,2.37,141.63
26.73,4.7,129.53
26.77,4.74,129.12
26.8,2.37,140.86
26.83,1.3,97.94
26.87,2.53,155.66
26.9,0.55,62.84
26.93,0.52,63.38
26.97,0.19,59.48
27.0,0.79,47.31
27.03,0.62,52.1
27.07,0.61,25.95
27.1,0.56,25.71
27.13,0.81,54.18
27.17,0.59,20.52
27.2,0.9,23.5
27.23,1.09,32.56
27.27,1.09,32.56
27.3,0.76,19.38
27.33,1.16,21.82
27.37,0.98,15.43
27.4,0.98,15.27
27.43,0.26,1.4
27.47,0.01,1.04
27.5,0.24,0.0
27.53,0.06,10.73
27.57,0.69,25.97
27.6,0.72,26.06
27.63,0.42,21.5
27.67,0.33,20.18
27.7,0.48,36.29
27.73,0.71,24.18
27.77,0.7,24.16
27.8,0.8,21.86
27.83,0.89,13.48
27.87,1.94,15.72
27.9,2.65,42.02
27.93,2.63,42.01
27.97,0.2,43.7
28.0,1.72,27.13
28.03,5.01,15.13
28.07,4.82,13.78
28.1,4.84,13.88
28.13,2.52,9.19
28.17,4.73,34.25
28.2,3.27,117.67
28.23,3.31,180.97
28.27,3.33,180.9
28.3,4.94,187.29
28.33,2.42,176.59
28.37,5.5,161.25
28.4,2.58,156.59
28.43,2.58,156.58
28.47,0.93,2.09
28.5,0.46,14.89
28.53,0.09,0.0
28.57,2.42,2.98
28.6,2.42,2.98
28.63,0.97,11.23
28.67,1.04,8.81
28.7,1.31,14.78
28.73,2.03,11.52
28.77,2.04,11.71
28.8,1.58,12.47
28.83,1.08,9.41
28.87,1.35,9.31
28.9,1.08,7.85
28.93,1.12,7.78
28.97,0.53,6.6
29.0,0.29,14.32
29.03,0.45,12.43
29.07,0.75,8.26
29.1,0.79,8.27
29.13,1.45,5.07
29.17,0.95,3.94
29.2,1.39,8.33
29.23,0.34,8.77
29.27,0.35,8.58
29.3,0.1,4.26
29.33,0.27,4.93
29.37,0.09,0.64
29.4,0.05,0.9
29.43,0.18,32.68
29.47,0.95,24.52
29.5,4.07,0.65
29.53,8.91,0.1
29.57,9.0,0.1
29.6,9.04,9.77
29.63,8.31,10.27
29.67,9.52,7.71
29.7,11.35,6.41
29.73,11.69,6.45
29.77,11.0,4.33
29.8,16.64,4.43
29.83,27.42,4.12
29.87,27.39,4.19
29.9,20.82,3.2
29.93,24.34,6.24
29.97,24.61,6.61
30.0,25.32,5.94
30.03,24.78,6.47
30.07,24.77,6.63
30.1,24.11,6.82
30.13,23.27,7.31
30.17,24.6,7.1
30.2,24.78,7.93
30.23,24.45,8.01
30.27,25.16,8.64
30.3,23.75,8.33
30.33,23.51,8.37
30.37,23.36,8.55
30.4,23.36,8.58
30.43,18.9,11.03
30.47,19.98,11.08
30.5,21.11,11.17
30.53,20.86,11.96
30.57,20.86,11.92
30.6,22.33,11.77
30.63,20.5,11.38
30.67,20.52,11.56
30.7,20.81,12.23
30.73,20.45,11.22
30.77,18.6,11.26
30.8,18.07,10.99
30.83,17.62,10.97
30.87,16.91,9.34
30.9,16.9,9.33
30.93,15.32,9.32
30.97,16.79,7.22
31.0,16.95,7.56
31.03,13.8,6.5
31.07,13.86,6.5
31.1,12.46,5.73
31.13,13.27,5.13
31.17,15.99,4.53
31.2,16.57,3.72
31.23,16.59,3.69
31.27,9.88,5.74
31.3,9.94,10.17
31.33,8.74,4.84
31.37,5.62,9.12
31.4,5.38,9.16
31.43,3.32,8.02
31.47,3.02,4.32
31.5,1.73,8.08
31.53,0.51,0.58
31.57,0.51,0.58
31.6,0.84,7.41
31.63,0.78,1.58
31.67,0.8,2.14
31.7,0.38,1.35
31.73,0.36,1.37
31.77,0.2,0.74
31.8,0.26,2.88
31.83,0.45,0.27
31.87,2.1,1.65
31.9,2.1,1.65
31.93,0.32,1.89
31.97,0.0,0.77
32.0,0.51,0.98
32.03,5.67,1.15
32.07,5.86,1.22
32.1,7.51,0.6
32.13,8.13,0.51
32.17,9.46,0.38
32.2,10.49,0.26
32.23,10.52,0.27
32.27,8.53,0.26
32.3,2.23,0.09
32.33,3.06,0.09
32.37,4.75,0.11
32.4,4.66,0.1
32.43,7.61,0.15
32.47,8.15,0.06
32.5,5.83,0.14
32.53,0.56,0.1
32.57,0.49,0.1
32.6,0.6,0.1
32.63,3.29,0.12
32.67,3.27,0.11
32.7,3.97,0.11
32.73,3.9,0.11
32.77,4.11,0.21
32.8,51.24,0.02
32.83,91.47,0.02
32.87,115.61,1.07
32.9,115.52,1.07
32.93,38.09,2.99
32.97,71.12,15.47
33.0,51.08,0.23
33.03,49.31,1.04
33.07,49.11,1.05
33.1,89.08,0.48
33.13,46.36,0.65
33.17,35.31,2.83
33.2,32.52,0.35
33.23,32.23,0.33
33.27,35.13,0.12
33.3,21.59,0.23
33.33,23.61,0.04
33.37,18.96,0.04
33.4,18.75,0.04
33.43,24.41,0.07
33.47,34.66,2.52
33.5,38.14,1.2
33.53,1.09,51.76
33.57,1.29,51.35
33.6,1.16,50.54
33.63,0.91,52.23
33.67,0.94,52.75
33.7,0.86,55.97
33.73,0.8,55.59
33.77,0.81,57.23
33.8,0.72,57.64
33.83,0.81,55.55
33.87,0.65,56.02
33.9,0.65,55.98
33.93,0.77,57.73
33.97,0.57,53.86
34.0,0.72,53.27
34.03,0.54,44.48
34.07,0.56,43.61
34.1,1.04,34.7
34.13,0.68,33.53
34.17,0.65,43.15
34.2,0.47,41.91
34.23,0.46,41.9
34.27,0.37,41.95
34.3,0.39,53.72
34.33,0.23,62.48
34.37,0.28,64.05
34.4,0.28,64.0
34.43,0.81,63.77
34.47,0.41,51.24
34.5,0.47,58.98
34.53,0.28,59.18
34.57,0.29,59.31
34.6,0.41,65.79
34.63,0.93,66.62
34.67,3.74,61.67
34.7,3.73,37.93
34.73,3.73,37.89
34.77,6.68,39.44
34.8,16.74,40.73
34.83,18.58,37.78
34.87,31.48,41.48
34.9,31.59,41.1
34.93,42.8,39.16
34.97,55.09,44.75
35.0,53.74,39.71
35.03,51.52,34.12
35.07,51.63,34.05
35.1,57.13,33.3
35.13,60.61,26.16
35.17,50.59,22.43
35.2,50.0,20.92
35.23,49.01,21.18
35.27,56.84,23.79
35.3,43.29,23.86
35.33,31.11,26.86
35.37,43.73,33.15
35.4,40.83,33.4
35.43,20.89,29.53
35.47,17.0,21.29
35.5,17.7,27.89
35.53,17.71,27.86
35.57,10.21,20.98
35.6,11.44,22.25
35.63,11.88,21.34
35.67,10.7,19.77
35.7,10.69,20.24
35.73,9.2,21.2
35.77,9.31,21.25
35.8,9.31,20.55
35.83,8.02,23.2
35.87,7.87,23.07
35.9,9.21,26.1
35.93,10.36,25.35
35.97,11.54,20.95
36.0,12.02,19.25
36.03,11.72,19.04
36.07,9.69,25.19
36.1,13.94,26.09
36.13,13.02,16.45
36.17,13.23,10.58
36.2,13.23,10.57
36.23,10.38,66.64
36.27,8.62,160.28
36.3,8.59,107.3
36.33,3.58,90.68
36.37,3.58,90.68
36.4,6.45,88.67
36.43,6.82,94.69
36.47,0.4,83.31
36.5,1.13,65.71
36.53,1.14,65.76
36.57,3.44,30.21
36.6,52.67,29.44
36.63,71.82,26.39
36.67,65.89,22.18
36.7,79.57,19.27
36.73,71.75,18.87
36.77,92.22,18.64
36.8,61.66,14.81
36.83,42.55,9.61
36.87,32.12,7.4
36.9,32.11,7.39
36.93,31.35,3.29
36.97,40.32,4.5
37.0,56.29,9.35
37.03,56.06,9.15
37.07,74.38,10.69
37.1,63.23,10.63
37.13,50.92,21.48
37.17,18.09,20.45
37.2,17.14,25.86
37.23,17.43,25.75
37.27,14.2,42.12
37.3,12.88,32.8
37.33,6.17,26.45
37.37,5.46,27.87
37.4,5.47,27.5
37.43,13.8,3.31
37.47,21.81,6.67
37.5,12.2,6.55
37.53,17.15,5.63
37.57,17.23,5.63
37.6,14.44,7.93
37.63,22.55,4.88
37.67,16.41,9.15
37.7,18.3,6.71
37.73,18.39,6.68
37.77,21.12,13.68
37.8,14.98,9.58
37.83,13.7,6.84
37.87,6.93,3.96
37.9,7.23,3.89
37.93,6.84,1.88
37.97,4.37,10.69
38.0,9.54,5.16
38.03,9.6,5.16
38.07,2.71,23.97
38.1,4.96,11.57
38.13,3.46,8.73
38.17,6.54,10.4
38.2,6.55,10.54
38.23,5.16,13.29
38.27,5.71,8.12
38.3,9.44,3.54
38.33,11.47,12.46
38.37,11.33,12.42
38.4,9.81,4.65
38.43,13.07,13.01
38.47,11.78,15.54
38.5,14.34,18.86
38.53,14.84,18.91
38.57,10.61,25.59
38.6,10.09,48.59
38.63,5.25,42.94
38.67,5.25,42.91
38.7,4.52,24.65
38.73,4.58,21.11
38.77,9.1,29.93
38.8,8.6,9.12
38.83,8.64,9.1
38.87,7.91,18.12
38.9,13.76,15.97
38.93,15.18,10.3
38.97,7.63,7.66
39.0,8.36,29.18
39.03,8.17,29.3
39.07,8.82,14.09
39.1,6.7,6.86
39.13,13.62,28.77
39.17,13.7,28.64
39.2,13.44,27.43
39.23,17.02,14.87
39.27,14.85,5.79
39.3,18.3,5.35
39.33,17.86,5.3
39.37,13.08,5.47
39.4,14.73,5.7
39.43,16.01,5.45
39.47,19.46,6.39
39.5,19.64,6.0
39.53,20.18,10.56
39.57,19.45,10.49
39.6,21.77,11.9
39.63,26.0,6.66
39.67,25.37,6.62
39.7,31.09,5.25
39.73,30.95,5.08
39.77,23.84,8.08
39.8,23.82,9.31
39.83,27.66,6.89
39.87,27.12,6.96
39.9,27.43,6.89
39.93,27.55,1.97
39.97,24.49,0.9
40.0,37.95,1.34
40.03,20.57,1.41
40.07,20.61,1.81
40.1,24.07,1.63
40.13,19.31,2.31
40.17,21.65,2.94
40.2,21.67,2.9
40.23,19.95,4.29
40.27,32.6,2.9
40.3,93.22,0.25
40.33,52.03,3.96
40.37,14.72,5.64
40.4,14.74,5.7
40.43,25.59,10.87
40.47,16.96,14.46
40.5,25.54,9.51
40.53,25.54,9.51
40.57,23.23,8.04
40.6,12.89,4.81
40.63,10.7,1.91
40.67,13.86,1.93
40.7,11.38,0.08
40.73,11.45,0.08
40.77,15.71,0.05
40.8,29.3,5.82
40.83,30.28,1.83
40.87,24.63,0.93
40.9,24.63,0.93
40.93,33.08,1.81
40.97,29.88,1.42
41.0,21.24,0.48
41.03,11.13,1.45
41.07,11.13,1.45
41.1,3.5,0.06
41.13,7.54,0.88
41.17,10.1,1.23
41.2,0.67,0.07
41.23,0.67,0.07
41.27,4.66,0.58
41.3,4.61,2.23
41.33,5.82,0.82
41.37,3.23,1.37
41.4,3.25,1.42
41.43,6.47,0.47
41.47,7.12,1.34
41.5,7.12,1.34
41.53,5.01,4.3
41.57,17.98,0.07
41.6,18.84,1.3
41.63,1.82,0.26
41.67,1.82,0.26
41.7,4.25,0.63
41.73,0.0,8.8
41.77,0.1,16.09
41.8,2.58,2.79
41.83,2.5,2.67
41.87,2.56,9.81
41.9,3.44,2.08
41.93,0.59,2.96
41.97,0.3,5.14
42.0,0.3,5.17
42.03,0.45,8.74
42.07,1.41,9.86
42.1,1.25,7.83
42.13,0.52,6.52
42.17,0.55,6.5
42.2,0.21,3.19
42.23,0.3,4.04
42.27,0.03,9.17
42.3,0.21,11.21
42.33,0.4,11.0
42.37,0.63,6.96
42.4,2.09,8.46
42.43,1.56,9.82
42.47,2.42,9.36
42.5,2.39,9.18
42.53,1.9,12.44
42.57,3.6,21.71
42.6,3.94,34.86
42.63,4.57,49.12
42.67,6.25,51.65
42.7,6.71,60.42
42.73,6.5,60.42
42.77,2.92,53.88
42.8,2.1,42.27
42.83,1.99,263.67
42.87,0.55,413.62
42.9,0.55,414.93
42.93,5.8,232.59
42.97,4.73,67.5
43.0,5.92,61.15
43.03,3.23,45.98
43.07,3.19,46.06
43.1,6.75,66.56
43.13,4.13,77.84
43.17,6.23,94.06
43.2,6.25,92.93
43.23,0.67,66.02
43.27,0.64,76.57
43.3,0.51,88.67
43.33,0.74,84.26
43.37,0.7,61.87
43.4,0.74,62.97
43.43,0.7,58.12
43.47,0.62,58.91
43.5,0.83,68.97
43.53,0.85,68.95
43.57,0.86,64.36
43.6,2.73,58.72
43.63,6.35,65.36
43.67,13.49,65.75
43.7,15.09,66.26
43.73,40.4,69.11
43.77,27.38,75.22
43.8,1.16,85.33
43.83,0.71,88.14
43.87,0.71,88.12
43.9,0.46,98.61
43.93,0.45,121.47
43.97,0.58,124.1
44.0,0.85,123.52
44.03,0.91,123.67
44.07,0.1,128.85
44.1,0.27,118.04
44.13,0.65,108.18
44.17,0.88,75.16
44.2,0.79,74.78
44.23,0.85,61.88
44.27,1.59,59.1
44.3,5.78,53.83
44.33,11.11,52.41
44.37,11.19,52.34
44.4,13.99,54.6
44.43,14.16,54.86
44.47,16.48,53.01
44.5,16.71,52.93
44.53,15.98,53.09
44.57,12.27,54.12
44.6,6.3,55.15
44.63,4.05,58.88
44.67,3.9,58.8
44.7,1.3,61.02
44.73,1.62,54.84
44.77,1.44,56.36
44.8,1.46,57.64
44.83,1.5,58.05
44.87,1.07,51.82
44.9,1.27,47.24
44.93,1.08,46.35
44.97,1.58,45.14
45.0,1.55,45.31
45.03,1.67,43.38
45.07,1.54,43.92
45.1,1.28,41.72
45.13,1.21,39.16
45.17,1.49,41.17
45.2,1.32,42.05
45.23,1.27,52.32
45.27,1.21,51.33
45.3,1.24,50.59
45.33,1.24,51.32
45.37,1.47,55.96
45.4,1.44,64.16
45.43,5.08,62.92
45.47,5.1,62.76
45.5,23.23,58.5
45.53,30.23,56.41
45.57,28.71,60.13
45.6,28.5,62.34
45.63,21.95,65.15
45.67,21.8,62.05
45.7,21.75,62.36
45.73,22.11,64.6
45.77,22.84,65.08
45.8,17.4,56.98
45.83,22.11,56.12
45.87,22.11,56.12
45.9,16.21,53.19
45.93,17.31,56.66
45.97,9.38,38.98
46.0,21.64,36.29
46.03,21.64,36.29
46.07,39.48,30.68
46.1,44.02,31.93
46.13,33.96,33.24
46.17,12.78,36.55
46.2,12.88,36.55
46.23,16.41,38.95
46.27,16.18,41.67
46.3,16.57,29.36
46.33,16.46,25.55
46.37,16.44,25.57
46.4,1.67,26.12
46.43,1.44,29.27
46.47,1.07,94.31
46.5,1.05,94.27
46.53,0.82,91.15
46.57,1.61,88.91
46.6,7.26,75.17
46.63,7.74,64.42
46.67,32.88,61.49
46.7,32.6,60.56
46.73,50.2,57.73
46.77,70.53,46.11
46.8,61.38,33.55
46.83,33.02,28.84
46.87,32.66,29.33
46.9,31.87,14.75
46.93,27.56,14.46
46.97,36.62,13.16
47.0,45.1,10.72
47.03,44.58,10.63
47.07,41.13,13.78
47.1,64.82,14.47
47.13,56.75,14.88
47.17,55.22,13.89
47.2,55.74,14.88
47.23,59.16,15.8
47.27,62.98,13.72
47.3,69.99,11.5
47.33,67.97,12.66
47.37,67.98,12.71
47.4,38.09,9.46
47.43,35.09,8.04
47.47,38.16,8.62
47.5,53.15,10.0
47.53,53.04,10.22
47.57,60.51,9.04
47.6,54.0,9.84
47.63,41.53,12.86
47.67,41.49,12.93
47.7,33.56,11.12
47.73,25.39,13.25
47.77,16.6,16.01
47.8,16.41,18.2
47.83,16.39,18.21
47.87,8.98,17.2
47.9,6.01,37.3
47.93,4.06,19.16
47.97,2.44,15.38
48.0,2.45,15.47
48.03,2.04,15.46
48.07,1.43,83.44
48.1,0.43,61.83
48.13,0.15,24.73
48.17,0.15,24.73
48.2,0.04,29.3
48.23,0.1,70.07
48.27,0.01,150.19
48.3,0.07,10.48
48.33,0.07,10.67
48.37,0.19,8.53
48.4,0.2,60.68
48.43,0.04,42.09
48.47,0.1,124.4
48.5,0.1,124.36
48.53,0.01,85.87
48.57,0.07,39.38
48.6,0.12,102.17
48.63,0.0,0.0
48.67,13.15,27.21
48.7,13.09,27.21
48.73,44.87,7.38
48.77,46.81,1.92
48.8,45.99,1.54
48.83,51.21,1.36
48.87,53.42,1.16
48.9,56.81,1.26
48.93,61.53,1.34
48.97,68.79,1.64
49.0,72.16,1.35
49.03,72.28,1.34
49.07,77.86,1.06
49.1,81.95,1.14
49.13,97.51,1.03
49.17,117.35,0.98
49.2,115.85,0.98
49.23,114.05,1.04
49.27,103.43,1.17
49.3,82.67,1.43
49.33,77.42,1.55
49.37,77.19,1.55
49.4,77.18,1.43
49.43,74.91,0.93
49.47,82.12,0.99
49.5,80.47,1.01
49.53,79.08,3.36
49.57,74.85,5.95
49.6,62.52,16.52
49.63,63.86,26.44
49.67,71.64,28.56
49.7,71.27,28.55
49.73,67.0,27.53
49.77,51.73,23.88
49.8,31.09,23.68
49.83,15.7,20.56
49.87,15.95,20.68
49.9,14.88,23.64
49.93,16.36,24.71
49.97,14.23,27.09
50.0,7.04,24.89
50.03,7.07,24.89
50.07,10.33,26.11
50.1,15.89,22.45
50.13,18.02,20.3
50.17,17.72,19.9
50.2,17.85,19.97
50.23,16.32,19.84
50.27,17.52,21.15
50.3,15.6,18.02
50.33,15.64,18.07
50.37,13.9,12.01
50.4,14.33,6.69
50.43,14.61,3.08
50.47,14.92,1.55
50.5,15.15,1.1
50.53,15.17,1.09
50.57,15.78,1.21
50.6,15.65,1.01
50.63,16.39,0.85
50.67,16.39,0.85
50.7,17.3,1.41
50.73,18.33,1.74
50.77,19.26,1.37
50.8,20.59,1.12
50.83,20.59,1.13
50.87,21.27,1.0
50.9,21.83,0.93
50.93,22.55,0.94
50.97,24.32,1.18
51.0,25.23,1.31
51.03,27.2,1.8
51.07,27.23,2.23
51.1,27.31,2.5
51.13,27.92,2.54
51.17,29.07,2.96
51.2,31.66,3.42
51.23,32.71,3.79
51.27,31.34,4.6
51.3,31.82,4.53
51.33,31.45,4.58
51.37,32.25,4.29
51.4,34.82,4.34
51.43,35.91,4.4
51.47,36.05,4.69
51.5,36.66,6.24
51.53,36.94,6.39
51.57,36.24,6.68
51.6,35.35,6.78
51.63,34.34,7.0
51.67,34.38,7.01
51.7,27.87,6.32
51.73,27.59,7.16
51.77,27.27,8.24
51.8,28.56,10.05
51.83,28.31,10.04
51.87,30.0,11.38
51.9,31.92,12.14
51.93,34.01,13.23
51.97,33.59,15.04
52.0,33.8,14.84
52.03,35.53,16.2
52.07,39.14,17.0
52.1,42.9,18.55
52.13,47.1,19.88
52.17,45.63,20.47
52.2,49.22,19.92
52.23,51.28,20.77
52.27,54.3,20.75
52.3,55.38,20.86
52.33,55.89,20.86
52.37,57.02,20.46
52.4,57.62,20.27
52.43,57.81,19.52
52.47,57.96,18.77
52.5,58.19,18.75
52.53,59.39,19.06
52.57,58.51,18.5
52.6,59.28,18.53
52.63,59.22,18.07
52.67,59.3,18.14
52.7,59.66,18.06
52.73,59.42,18.3
52.77,58.22,18.19
52.8,58.26,17.86
52.83,58.22,17.86
52.87,59.11,18.11
52.9,59.55,18.11
52.93,59.5,17.23
52.97,59.09,17.43
53.0,59.17,17.43
53.03,59.83,18.34
53.07,59.94,18.77
53.1,57.54,19.64
53.13,58.92,19.57
53.17,58.97,19.55
53.2,59.74,19.16
53.23,60.27,19.32
53.27,58.39,19.21
53.3,57.75,19.5
53.33,57.98,19.49
53.37,58.22,19.96
53.4,59.52,19.14
53.43,59.95,19.63
53.47,57.69,18.94
53.5,57.87,18.94
53.53,58.2,18.73
53.57,58.99,18.62
53.6,57.41,18.25
53.63,57.91,18.07
53.67,58.32,18.05
53.7,58.03,17.73
53.73,58.94,17.32
53.77,58.41,17.16
53.8,56.64,17.52
53.83,56.7,17.54
53.87,56.56,17.23
53.9,58.7,17.24
53.93,57.09,16.59
53.97,56.19,17.11
54.0,56.15,17.11
54.03,56.59,16.98
54.07,55.89,16.79
54.1,54.99,16.68
54.13,55.03,16.66
54.17,56.13,17.18
54.2,57.09,16.57
54.23,56.8,16.63
54.27,55.99,16.59
54.3,57.52,16.5
54.33,56.6,16.2
54.37,56.03,16.41
54.4,55.59,16.66
54.43,55.16,16.61
54.47,55.2,16.61
54.5,56.73,17.3
54.53,54.9,17.68
54.57,56.73,18.79
54.6,55.2,18.38
54.63,55.2,18.37
54.67,55.22,18.69
54.7,54.92,18.64
54.73,54.56,18.36
54.77,0.0,0.0
54.8,0.0,0.0
54.83,0.0,0.0
54.87,0.0,0.0
54.9,0.0,0.0
54.93,0.0,0.0
54.97,0.26,1.1
55.0,0.28,1.04
55.03,9.42,8.28
55.07,9.57,27.36
55.1,2.7,39.66
55.13,2.73,39.56
55.17,0.56,63.42
55.2,0.05,35.61
55.23,0.01,14.21
55.27,0.58,11.21
55.3,3.46,1.08
55.33,3.48,1.1
55.37,6.87,0.64
55.4,0.94,2.21
55.43,0.52,3.97
55.47,1.25,4.21
55.5,1.25,4.21
55.53,0.23,2.96
55.57,0.56,5.04
55.6,0.3,7.16
55.63,0.17,2.24
55.67,0.18,2.25
55.7,0.76,0.42
55.73,0.85,0.83
55.77,0.3,1.7
55.8,0.12,0.69
55.83,0.12,0.69
55.87,0.21,0.12
55.9,1.02,0.1
55.93,1.15,1.58
55.97,0.97,0.17
56.0,0.92,0.14
56.03,0.93,1.07
56.07,0.21,1.43
56.1,0.57,1.71
56.13,1.2,1.11
56.17,1.2,1.11
56.2,0.12,0.43
56.23,0.21,0.43
56.27,0.49,0.28
56.3,0.07,0.32
56.33,0.07,0.31
56.37,0.25,0.14
56.4,0.39,0.07
56.43,0.92,0.07
56.47,0.77,0.16
56.5,0.81,0.17
56.53,0.56,0.08
56.57,0.17,1.17
56.6,0.42,0.05
56.63,0.29,0.07
56.67,0.29,0.07
56.7,0.5,0.0
56.73,0.42,0.01
56.77,0.11,0.04
56.8,0.11,0.04
56.83,0.12,0.01
56.87,0.3,0.0
56.9,0.01,0.04
56.93,0.09,0.01
56.97,0.09,0.01
57.0,565.73,0.0
57.03,43.38,0.0
57.07,105.48,0.0
57.1,109.89,0.73
57.13,109.89,0.73
57.17,146.3,0.11
57.2,107.53,1.32
57.23,38.59,0.41
57.27,22.95,2.96
57.3,22.95,2.96
57.33,27.84,2.6
57.37,13.78,0.45
57.4,24.39,1.98
57.43,38.7,1.25
57.47,38.67,1.23
57.5,23.55,1.3
57.53,19.25,0.73
57.57,14.65,0.23
57.6,10.73,0.01
57.63,10.73,0.01
57.67,2.94,0.01
57.7,1.46,0.0
57.73,1.78,0.0
57.77,0.72,0.0
57.8,0.72,0.0
57.83,0.74,0.0
57.87,1.56,0.08
57.9,4.12,0.0
57.93,6.67,0.0
57.97,6.67,0.0
58.0,5.66,0.0
58.03,4.07,0.0
58.07,2.21,0.0
58.1,2.73,0.07
58.13,2.73,0.07
58.17,1.12,0.17
58.2,4.09,0.16
58.23,9.72,0.94
58.27,9.29,0.2
58.3,9.29,0.2
58.33,10.01,0.11
58.37,8.77,0.17
58.4,21.07,0.26
58.43,131.59,0.19
58.47,131.59,0.19
58.5,208.19,0.15
58.53,244.97,0.1
58.57,229.23,0.1
58.6,297.11,0.12
58.63,296.79,0.1
58.67,323.44,0.07
58.7,319.33,0.14
58.73,323.44,0.13
58.77,326.2,0.12
58.8,325.86,0.13
58.83,367.71,0.18
58.87,391.36,0.18
58.9,379.13,0.3
58.93,381.09,0.32
58.97,380.94,0.34
59.0,384.84,0.45
59.03,364.7,0.44
59.07,336.33,0.26
59.1,336.37,0.32
59.13,332.07,0.28
59.17,320.64,0.2
59.2,286.44,0.24
59.23,277.09,0.45
59.27,265.21,0.52
59.3,261.43,0.55
59.33,262.61,0.64
59.37,232.88,0.76
59.4,231.44,0.83
59.43,222.25,0.81
59.47,225.61,0.98
59.5,221.38,1.09
59.53,199.98,1.2
59.57,190.4,1.4
59.6,185.83,1.43
59.63,191.72,1.52
59.67,184.71,1.71
59.7,175.0,1.53
59.73,176.95,1.5
59.77,158.0,1.63
59.8,162.28,1.91
59.83,198.56,1.41
59.87,202.26,1.11
59.9,188.99,1.2
59.93,195.42,1.18
59.97,191.66,1.32
60.0,195.32,1.3
60.03,195.69,1.26
60.07,190.25,1.3
60.1,187.21,1.4
60.13,185.12,1.31
60.17,172.63,1.45
60.2,166.84,1.31
60.23,162.25,1.38
60.27,151.56,1.3
60.3,154.94,1.3
60.33,147.44,1.35
60.37,131.91,1.3
60.4,126.58,1.71
60.43,129.06,1.46
60.47,130.37,1.46
60.5,123.81,1.69
60.53,117.14,1.62
60.57,108.09,1.99
60.6,82.06,1.52
60.63,82.05,1.52
60.67,66.55,1.54
60.7,88.81,4.17
60.73,156.34,3.6
60.77,156.34,3.6
60.8,258.48,3.98
60.83,318.77,1.42
60.87,477.8,0.0
60.9,551.53,0.0
60.93,838.65,0.0
60.97,837.75,0.0
61.0,497.11,0.0
61.03,82.36,0.0
61.07,11.55,0.0
61.1,9.96,0.0
61.13,0.15,0.0
61.17,0.0,0.0
61.2,0.0,0.0
61.23,0.0,0.0
61.27,0.0,0.0
61.3,0.0,0.0
61.33,0.0,0.0
61.37,0.0,0.0
61.4,0.0,0.0
61.43,0.0,0.0
61.47,0.0,0.0
61.5,0.0,0.0
61.53,0.0,0.0
61.57,0.0,0.0
61.6,0.0,0.0
61.63,0.0,0.0
61.67,0.0,0.0
61.7,0.0,0.0
61.73,0.0,0.0
61.77,0.0,0.0
61.8,0.0,0.0
61.83,0.0,0.0
61.87,0.0,0.0
61.9,0.0,0.0
61.93,0.0,0.0
61.97,0.0,0.0
62.0,0.0,0.0
62.03,0.0,0.0
62.07,0.0,0.0
62.1,0.0,0.0
62.13,0.0,0.0
62.17,10.31,55.62
62.2,10.6,56.09
62.23,11.05,55.49
62.27,11.05,55.53
62.3,11.89,55.77
62.33,11.8,55.67
62.37,12.19,58.02
62.4,13.13,58.77
62.43,13.14,58.83
62.47,13.96,59.53
62.5,14.07,58.7
62.53,14.37,60.39
62.57,14.94,59.81
62.6,14.29,59.97
62.63,14.24,59.95
62.67,14.46,60.53
62.7,14.44,61.09
62.73,12.67,60.08
62.77,12.1,60.42
62.8,12.11,60.47
62.83,10.18,59.02
62.87,8.53,55.5
62.9,8.49,55.28
62.93,8.72,55.42
62.97,8.74,55.42
63.0,9.65,56.84
63.03,10.37,58.4
63.07,11.31,58.9
63.1,11.97,59.57
63.13,11.95,59.78
63.17,12.63,60.88
63.2,13.16,60.59
63.23,13.24,60.24
63.27,12.91,60.16
63.3,12.94,60.2
63.33,13.13,60.8
63.37,13.2,61.78
63.4,12.71,60.95
63.43,11.5,58.53
63.47,11.69,58.71
63.5,11.19,59.56
63.53,10.78,57.98
63.57,11.57,59.3
63.6,12.31,59.47
63.63,12.31,59.23
63.67,12.65,60.05
63.7,12.73,59.73
63.73,13.68,59.86
63.77,12.87,60.37
63.8,12.94,60.41
63.83,13.01,60.84
63.87,13.29,61.36
63.9,13.44,62.01
63.93,13.6,61.91
63.97,13.54,64.75
64.0,14.03,67.62
64.03,15.22,70.17
64.07,14.63,69.84
64.1,14.58,69.92
64.13,14.39,69.94
64.17,14.1,72.22
64.2,13.82,71.64
64.23,13.78,71.08
64.27,13.82,71.0
64.3,13.92,72.58
64.33,14.47,72.98
64.37,15.11,74.08
64.4,14.62,72.08
64.43,14.62,72.06
64.47,14.7,71.73
64.5,14.47,70.53
64.53,14.78,69.33
64.57,14.48,70.72
64.6,14.51,70.5
64.63,14.91,77.58
64.67,14.73,78.06
64.7,14.39,81.87
64.73,14.71,82.05
64.77,15.64,80.36
64.8,7.36,76.71
64.83,8.57,59.27
64.87,8.57,59.27
64.9,9.79,89.8
64.93,9.79,89.81
64.97,13.52,62.32
65.0,12.79,62.6
65.03,12.21,55.62
65.07,10.51,52.73
65.1,10.51,52.73
65.13,6.16,33.15
65.17,3.94,7.79
65.2,2.36,0.81
65.23,0.33,0.0
65.27,0.33,0.0
65.3,0.0,0.0
65.33,0.0,0.0
65.37,0.0,0.0
65.4,0.0,0.0
65.43,0.0,0.0
65.47,0.0,0.0
65.5,0.0,0.0
65.53,0.0,0.0
65.57,0.0,0.0
65.6,0.0,0.0
65.63,0.0,0.0
65.67,0.18,0.0
65.7,0.14,0.14
65.73,0.29,1.64
65.77,0.29,1.64
65.8,0.24,1.18
65.83,0.15,1.03
65.87,0.21,0.55
65.9,0.41,0.54
65.93,0.41,0.54
65.97,0.77,0.48
66.0,0.58,0.54
66.03,0.84,0.53
66.07,1.25,0.64
66.1,1.25,0.64
66.13,1.76,0.78
66.17,1.76,0.56
66.2,1.88,0.42
66.23,1.81,0.38
66.27,1.79,0.41
66.3,1.9,0.29
66.33,1.83,0.17
66.37,1.97,0.19
66.4,1.82,0.24
66.43,1.85,0.25
66.47,1.82,0.27
66.5,1.59,0.28
66.53,1.78,0.27
66.57,1.91,0.24
66.6,1.89,0.2
66.63,1.83,0.21
66.67,1.92,0.21
66.7,1.79,0.21
66.73,1.92,0.22
66.77,1.9,0.22
66.8,1.94,0.26
66.83,2.19,0.26
66.87,2.0,0.21
66.9,2.0,0.21
66.93,1.97,0.21
66.97,1.94,0.2
67.0,2.02,0.2
67.03,2.08,0.24
67.07,1.9,0.2
67.1,1.91,0.2
67.13,1.93,0.2
67.17,1.88,0.16
67.2,7.13,98.67
67.23,7.32,96.02
67.27,7.26,95.91
67.3,7.47,92.81
67.33,7.58,95.61
67.37,7.38,94.69
67.4,8.18,90.17
67.43,8.18,90.22
67.47,8.79,88.7
67.5,9.23,88.72
67.53,9.13,84.81
67.57,9.12,84.89
67.6,9.42,84.64
67.63,10.28,85.45
67.67,9.94,81.61
67.7,10.66,82.41
67.73,10.56,78.1
67.77,10.55,78.02
67.8,10.84,76.63
67.83,10.65,75.16
67.87,10.67,75.17
67.9,10.89,72.23
67.93,10.89,72.25
67.97,11.27,72.22
68.0,10.7,70.08
68.03,11.49,70.57
68.07,10.79,66.36
68.1,10.81,66.31
68.13,11.21,64.56
68.17,11.31,62.73
68.2,11.33,61.57
68.23,9.1,60.84
68.27,9.1,60.84
68.3,10.05,59.09
68.33,9.39,59.09
68.37,11.65,52.28
68.4,9.52,58.4
68.43,9.52,58.4
68.47,8.95,56.35
68.5,9.07,51.81
68.53,9.66,48.07
68.57,9.18,49.55
68.6,9.21,49.39
68.63,9.38,46.56
68.67,9.44,44.67
68.7,8.67,39.8
68.73,9.41,39.26
68.77,9.43,39.27
68.8,9.07,34.87
68.83,8.64,21.54
68.87,7.89,14.59
68.9,7.14,12.48
68.93,7.12,12.48
68.97,6.62,11.3
69.0,6.09,8.97
69.03,7.07,9.49
69.07,6.87,7.7
69.1,6.8,7.68
69.13,5.89,7.75
69.17,5.18,6.82
69.2,7.42,6.58
69.23,5.22,8.88
69.27,5.2,8.77
69.3,5.74,11.01
69.33,8.26,10.2
69.37,9.15,10.51
69.4,8.19,5.45
69.43,8.21,5.42
69.47,59.33,1.94
69.5,13.71,2.93
69.53,21.02,3.67
69.57,9.85,8.05
69.6,9.81,8.31
69.63,16.98,7.37
69.67,22.95,6.35
69.7,26.23,4.29
69.73,22.14,4.43
69.77,22.16,4.43
69.8,19.55,3.81
69.83,24.52,3.21
69.87,25.52,3.42
69.9,19.84,3.38
69.93,19.93,3.38
69.97,15.32,3.5
70.0,20.07,3.35
70.03,21.69,3.48
70.07,22.07,3.6
70.1,23.66,3.52
70.13,19.9,3.77
70.17,17.55,3.56
70.2,18.15,3.81
70.23,18.12,3.83
70.27,19.23,3.97
70.3,22.36,4.46
70.33,28.96,4.32
70.37,28.91,4.27
70.4,23.85,3.96
70.43,18.57,4.22
70.47,27.05,3.87
70.5,23.09,3.48
70.53,23.01,3.47
70.57,24.36,3.31
70.6,33.17,2.12
70.63,24.93,2.42
70.67,23.05,2.42
70.7,26.93,2.41
70.73,27.34,2.43
70.77,24.14,2.06
70.8,24.55,1.17
70.83,24.23,2.04
70.87,24.23,2.04
70.9,19.86,2.48
70.93,21.27,2.4
70.97,26.61,2.52
71.0,22.45,2.61
71.03,22.93,2.29
71.07,23.02,2.27
71.1,24.71,2.17
71.13,29.61,2.19
71.17,31.99,1.84
71.2,34.1,1.6
71.23,34.3,1.61
71.27,36.48,1.5
71.3,27.93,1.73
71.33,23.73,39.5
71.37,23.42,40.6
71.4,23.4,40.59
71.43,23.45,38.55
71.47,24.39,39.66
71.5,24.66,40.35
71.53,24.32,39.87
71.57,24.41,39.73
71.6,23.8,39.18
71.63,24.8,39.7
71.67,25.17,39.03
71.7,24.55,39.28
71.73,24.62,39.55
71.77,23.95,40.54
71.8,23.95,39.16
71.83,25.84,40.74
71.87,25.64,43.2
71.9,24.74,54.1
71.93,24.8,54.12
71.97,21.48,80.67
72.0,0.0,27.54
72.03,0.0,30.59
72.07,0.0,33.92
72.1,0.0,33.92
72.13,0.0,42.59
72.17,17.77,35.52
72.2,0.27,22.55
72.23,0.27,22.57
72.27,0.21,22.77
72.3,0.24,23.07
72.33,0.23,22.86
72.37,0.2,23.07
72.4,0.0,27.41
72.43,0.0,27.45
72.47,0.0,33.56
72.5,0.0,27.18
72.53,0.0,18.93
72.57,0.0,18.89
72.6,0.05,15.85
72.63,0.0,16.27
72.67,0.0,32.88
72.7,0.0,7.05
72.73,0.0,7.04
72.77,0.0,18.96
72.8,0.0,29.8
72.83,0.0,20.97
72.87,0.45,15.29
72.9,0.45,15.29
72.93,0.24,11.29
72.97,6.12,0.02
73.0,5.92,0.02
73.03,5.76,0.02
73.07,7.88,0.0
73.1,7.88,0.0
73.13,10.46,0.04
73.17,8.81,0.18
73.2,9.1,0.04
73.23,9.15,0.04
73.27,9.31,0.03
73.3,11.15,0.01
73.33,8.43,0.11
73.37,8.46,0.11
73.4,2.35,0.41
73.43,0.92,0.2
73.47,0.55,0.3
73.5,0.96,0.66
73.53,0.97,0.66
73.57,0.76,0.91
73.6,0.83,0.78
73.63,1.12,0.82
73.67,2.1,0.65
73.7,3.83,0.86
73.73,3.83,0.85
73.77,4.48,1.1
73.8,4.24,0.77
73.83,4.79,0.79
73.87,4.76,0.79
73.9,6.62,0.56
73.93,7.71,0.71
73.97,7.26,1.15
74.0,9.35,1.21
74.03,10.82,3.22
74.07,10.82,3.23
74.1,15.27,2.69
74.13,22.16,4.85
74.17,31.25,3.16
74.2,31.05,7.68
74.23,31.05,7.68
74.27,19.91,0.0
74.3,1.85,25.76
74.33,1.92,23.91
74.37,1.58,24.48
74.4,1.76,25.41
74.43,1.73,25.12
74.47,1.55,25.66
74.5,1.36,25.16
74.53,1.4,24.66
74.57,1.3,22.54
74.6,1.3,22.46
74.63,1.21,21.86
74.67,1.36,24.25
74.7,1.25,28.21
74.73,1.25,28.43
74.77,1.38,22.47
74.8,1.25,20.53
74.83,1.08,18.0
74.87,0.74,17.92
74.9,0.34,16.57
74.93,0.34,16.55
74.97,23.8,2.6
75.0,26.96,2.69
75.03,27.68,8.41
75.07,28.05,8.57
75.1,28.04,8.57
75.13,33.91,10.31
75.17,36.52,10.19
75.2,38.48,20.48
75.23,38.45,20.48
75.27,8.31,30.97
75.3,63.33,20.82
75.33,81.7,7.67
75.37,93.77,12.96
75.4,72.86,17.07
75.43,72.86,17.07
75.47,43.37,23.36
75.5,32.95,40.34
75.53,14.93,39.23
75.57,9.09,34.46
75.6,9.09,34.46
75.63,5.65,33.8
75.67,0.0,18.52
75.7,0.0,5.44
75.73,0.0,5.44
75.77,0.0,0.0
75.8,0.3,6.68
75.83,0.03,5.01
75.87,0.0,1.75
75.9,7.01,3.6
75.93,7.0,3.59
75.97,10.46,4.38
76.0,6.8,8.4
76.03,8.79,5.45
76.07,11.41,6.24
76.1,11.4,6.2
76.13,13.41,6.92
76.17,18.18,6.79
76.2,11.66,6.52
76.23,11.49,6.72
76.27,8.35,6.37
76.3,7.75,6.22
76.33,7.0,6.29
76.37,6.14,6.64
76.4,6.77,6.37
76.43,6.77,6.37
76.47,5.45,6.54
76.5,3.87,6.12
76.53,3.83,6.1
76.57,2.84,6.18
76.6,2.37,6.43
76.63,2.02,6.45
76.67,2.19,6.0
76.7,2.17,5.98
76.73,2.46,6.09
76.77,1.83,6.37
76.8,1.53,7.16
76.83,1.33,7.25
76.87,1.33,7.25
76.9,1.31,7.46
76.93,1.31,7.16
76.97,2.18,7.11
77.0,1.45,7.33
77.03,1.45,7.38
77.07,1.4,7.43
77.1,1.28,7.54
77.13,1.32,7.18
77.17,1.48,7.17
77.2,1.47,7.18
77.23,1.43,6.96
77.27,25.96,48.67
77.3,26.45,49.36
77.33,26.25,48.72
77.37,26.09,48.94
77.4,25.96,48.53
77.43,25.34,42.01
77.47,24.83,33.87
77.5,25.27,35.08
77.53,25.27,35.08
77.57,28.54,37.44
77.6,28.79,40.0
77.63,29.2,43.66
77.67,27.8,42.67
77.7,27.64,42.41
77.73,27.62,45.02
77.77,27.26,43.41
77.8,28.28,41.26
77.83,20.64,47.59
77.87,6.97,50.16
77.9,6.96,50.05
77.93,2.15,39.12
77.97,2.25,23.02
78.0,2.65,6.73
78.03,2.65,6.73
78.07,3.06,4.08
78.1,3.31,7.0
78.13,3.65,6.76
78.17,4.91,8.08
78.2,4.96,5.84
78.23,4.93,5.83
78.27,3.98,3.54
78.3,5.42,4.15
78.33,8.34,3.81
78.37,8.93,3.71
78.4,38.06,2.32
78.43,63.31,2.04
78.47,40.92,1.9
78.5,43.67,1.32
78.53,43.27,1.33
78.57,46.13,1.42
78.6,0.06,26.4
78.63,0.0,102.8
78.67,0.0,66.01
78.7,0.0,73.99
78.73,0.0,73.98
78.77,0.0,63.16
78.8,0.0,81.06
78.83,0.0,79.28
78.87,0.0,44.32
78.9,0.0,44.52
78.93,0.0,8.0
78.97,0.16,3.44
79.0,0.0,59.49
79.03,0.0,59.62
79.07,0.0,185.34
79.1,0.14,174.37
79.13,0.02,144.28
79.17,4.49,29.48
79.2,2.29,20.52
79.23,2.21,20.66
79.27,4.05,30.21
79.3,0.71,53.81
79.33,0.23,68.31
79.37,0.09,116.91
79.4,0.09,118.96
79.43,0.0,392.66
79.47,0.0,491.4
79.5,0.2,426.0
79.53,0.0,391.44
79.57,0.0,391.83
79.6,0.0,390.0
79.63,0.0,489.54
79.67,0.0,492.56
79.7,0.0,493.14
79.73,0.0,546.21
79.77,0.0,549.62
79.8,0.01,566.0
79.83,0.0,602.67
79.87,0.0,602.76
79.9,0.0,525.19
79.93,0.0,495.25
79.97,0.0,483.12
80.0,0.0,459.71
80.03,0.0,460.08
80.07,0.0,480.62
80.1,0.0,527.9
80.13,0.0,623.92
80.17,4.57,421.77
80.2,4.57,421.77
80.23,7.04,573.41
80.27,0.19,734.32
80.3,23.52,428.14
80.33,23.54,427.78
80.37,18.48,701.97
80.4,0.0,1012.56
80.43,0.0,1049.52
80.47,0.0,528.72
80.5,0.0,228.18
80.53,0.0,228.28
80.57,0.0,63.41
80.6,0.0,555.17
80.63,0.0,361.57
80.67,1.49,491.51
80.7,1.42,491.06
80.73,0.0,574.74
80.77,0.0,347.4
80.8,0.0,704.52
80.83,0.0,825.48
80.87,0.0,668.86
80.9,0.0,668.3
80.93,0.0,545.58
80.97,9.21,491.72
81.0,5.51,431.75
81.03,0.0,709.33
81.07,0.0,709.33
81.1,0.0,888.16
81.13,0.0,418.86
81.17,0.0,557.89
81.2,4.53,441.06
81.23,4.53,441.06
81.27,1.1,298.26
81.3,17.1,231.62
81.33,1.5,437.95
81.37,8.52,392.35
81.4,8.57,391.35
81.43,3.88,829.0
81.47,0.0,926.22
81.5,3.31,546.12
81.53,1.21,805.97
81.57,1.18,806.17
81.6,0.0,634.26
81.63,0.0,609.9
81.67,115.13,617.39
81.7,36.94,712.4
81.73,36.98,712.43
81.77,62.56,892.85
81.8,50.7,631.08
81.83,20.22,385.88
81.87,9.57,384.86
81.9,9.57,384.81
81.93,15.92,281.24
81.97,5.99,326.39
82.0,0.0,340.51
82.03,0.12,314.16
82.07,0.12,314.78
82.1,1.11,316.36
82.13,5.28,425.27
82.17,0.01,391.4
82.2,1.24,321.93
82.23,1.24,321.9
82.27,0.34,274.05
82.3,1.81,321.98
82.33,2.24,341.52
82.37,0.04,295.7
82.4,0.04,295.65
82.43,0.08,324.74
82.47,0.0,362.51
82.5,0.0,362.51
82.53,0.0,405.97
82.57,0.0,416.66
82.6,0.0,347.4
82.63,0.0,411.26
82.67,1.03,383.22
82.7,1.03,383.22
82.73,7.42,427.06
82.77,8.2,410.54
82.8,14.57,427.32
82.83,19.13,427.58
82.87,19.13,427.57
82.9,4.75,425.31
82.93,2.56,420.94
82.97,2.46,471.25
83.0,2.51,455.79
83.03,2.51,455.79
83.07,0.02,399.2
83.1,0.0,377.88
83.13,0.07,344.4
83.17,0.0,379.15
83.2,0.0,379.15
83.23,1.33,383.16
83.27,0.1,367.39
83.3,0.1,358.1
83.33,0.0,385.79
83.37,0.0,385.82
83.4,0.0,347.39
83.43,0.0,319.75
83.47,0.0,318.0
83.5,0.0,279.4
83.53,0.03,305.06
83.57,0.03,305.0
83.6,0.04,317.44
83.63,21.75,0.0
83.67,21.71,0.0
83.7,17.98,0.0
83.73,17.92,0.0
83.77,15.7,0.0
83.8,13.16,0.0
83.83,13.21,0.0
83.87,11.89,0.0
83.9,11.9,0.0
83.93,11.97,0.0
83.97,10.69,0.0
84.0,10.09,0.0
84.03,10.23,0.0
84.07,11.66,0.0
84.1,12.6,0.0
84.13,11.68,0.0
84.17,11.27,0.0
84.2,11.6,0.0
84.23,11.61,0.0
84.27,12.44,0.0
84.3,13.26,0.1
84.33,12.91,0.17
84.37,13.11,0.17
84.4,12.96,0.23
84.43,13.9,0.64
84.47,13.73,0.6
84.5,11.94,0.66
84.53,11.84,0.66
84.57,11.12,0.81
84.6,10.11,0.84
84.63,9.78,0.82
84.67,9.38,0.78
84.7,9.41,0.78
84.73,10.27,0.97
84.77,10.21,1.03
84.8,10.05,0.97
84.83,9.79,0.91
84.87,9.84,0.91
84.9,10.19,0.9
84.93,10.11,1.0
84.97,9.65,0.95
85.0,9.84,0.96
85.03,9.91,0.91
85.07,9.91,0.84
85.1,10.1,0.79
85.13,9.7,0.86
85.17,9.71,0.82
85.2,9.42,0.84
85.23,9.82,0.93
85.27,10.35,0.96
85.3,10.52,0.98
85.33,10.37,0.98
85.37,10.14,0.98
85.4,11.25,1.12
85.43,11.27,1.15
85.47,11.82,1.17
85.5,12.01,1.14
85.53,11.89,1.21
85.57,12.29,1.75
85.6,11.8,1.78
85.63,11.99,1.74
85.67,11.99,1.74
85.7,13.03,2.02
85.73,12.46,2.0
85.77,12.72,1.85
85.8,13.04,1.6
85.83,12.54,1.64
85.87,12.52,1.64
85.9,12.22,1.51
85.93,12.37,1.37
85.97,12.21,1.48
86.0,12.21,1.48
86.03,7.83,1.32
86.07,7.56,1.34
86.1,7.76,1.73
86.13,7.96,1.73
86.17,6.74,1.37
86.2,6.74,1.37
86.23,7.03,1.45
86.27,7.13,1.23
86.3,6.74,1.04
86.33,6.6,0.95
86.37,6.6,0.95
86.4,7.11,0.86
86.43,6.62,0.74
86.47,6.62,0.74
86.5,6.79,0.86
86.53,7.59,0.76
86.57,7.15,0.76
86.6,7.18,0.69
86.63,7.16,0.66
86.67,7.12,0.69
86.7,7.12,0.73
86.73,7.41,0.82
86.77,8.3,0.88
86.8,7.87,0.84
86.83,7.92,0.71
86.87,7.92,0.7
86.9,8.28,0.62
86.93,8.1,0.62
86.97,8.08,0.74
87.0,7.82,0.69
87.03,7.83,0.71
87.07,7.7,0.7
87.1,8.38,0.92
87.13,7.72,1.07
87.17,7.62,1.14
87.2,7.62,1.14
87.23,8.11,1.08
87.27,7.84,1.15
87.3,8.05,1.26
87.33,7.64,1.3
87.37,7.68,1.35
87.4,7.58,1.4
87.43,7.91,1.22
87.47,7.47,1.11
87.5,7.69,1.05
87.53,7.67,1.06
87.57,6.64,1.06
87.6,6.96,1.35
87.63,6.89,1.4
87.67,7.01,1.61
87.7,7.04,1.64
87.73,7.44,2.04
87.77,8.05,2.1
87.8,8.27,1.73
87.83,8.0,1.8
87.87,8.04,1.81
87.9,8.62,2.0
87.93,8.36,1.95
87.97,8.22,1.64
88.0,8.3,1.74
88.03,8.6,1.71
88.07,8.08,1.72
88.1,9.0,1.57
88.13,8.79,1.67
88.17,9.06,1.53
88.2,8.88,1.61
88.23,8.29,1.59
88.27,10.51,1.41
88.3,10.13,1.02
88.33,9.71,1.12
88.37,9.78,1.12
88.4,9.54,1.11
88.43,9.99,0.94
88.47,9.26,0.81
88.5,9.11,0.84
88.53,9.54,0.77
88.57,9.2,0.83
88.6,9.46,0.85
88.63,8.93,0.82
88.67,8.71,0.82
88.7,8.76,0.85
88.73,9.13,0.83
88.77,9.14,0.85
88.8,9.18,0.72
88.83,9.18,0.72
88.87,10.03,0.77
88.9,10.71,0.66
88.93,6.06,2.73
88.97,6.46,2.59
89.0,6.46,2.6
89.03,6.62,2.61
89.07,6.34,2.54
89.1,5.95,2.53
89.13,5.67,2.6
89.17,5.67,2.61
89.2,5.11,2.59
89.23,4.62,2.35
89.27,3.21,2.27
89.3,3.01,2.42
89.33,3.01,2.42
89.37,1.85,2.68
89.4,2.85,2.77
89.43,3.2,2.68
89.47,2.93,2.62
89.5,3.43,2.51
89.53,3.28,2.52
89.57,3.48,2.6
89.6,3.48,2.58
89.63,5.84,2.51
89.67,6.81,2.38
89.7,6.8,2.38
89.73,7.67,2.38
89.77,8.54,2.34
89.8,9.01,2.54
89.83,8.68,2.54
89.87,8.68,2.54
89.9,8.11,2.48
89.93,8.96,2.48
89.97,8.76,2.27
90.0,8.46,2.29
90.03,8.46,2.29
90.07,9.04,2.37
90.1,9.38,2.77
90.13,9.31,3.08
90.17,9.29,2.88
90.2,9.29,2.88
90.23,9.53,3.44
90.27,9.32,3.52
90.3,9.66,3.46
90.33,9.2,3.44
90.37,9.46,3.46
90.4,9.59,3.48
90.43,9.21,3.44
90.47,8.95,3.88
90.5,9.46,3.29
90.53,9.48,3.29
90.57,10.32,3.35
90.6,9.63,3.28
90.63,10.1,3.3
90.67,9.65,3.23
90.7,9.65,3.23
90.73,10.01,3.19
90.77,10.35,3.22
90.8,10.13,3.1
90.83,30.05,27.38
90.87,29.64,27.02
90.9,28.95,26.81
90.93,27.96,28.48
90.97,28.84,29.9
91.0,36.09,25.89
91.03,36.09,25.93
91.07,26.68,22.38
91.1,24.89,24.94
91.13,34.04,22.0
91.17,34.05,22.02
91.2,30.91,20.11
91.23,24.71,20.41
91.27,20.48,15.5
91.3,21.14,14.42
91.33,21.14,14.47
91.37,24.68,15.85
91.4,35.46,13.34
91.43,31.75,15.82
91.47,27.41,13.44
91.5,27.26,13.44
91.53,25.82,10.46
91.57,25.73,11.72
91.6,25.56,12.81
91.63,23.73,13.4
91.67,24.17,13.49
91.7,36.3,15.72
91.73,26.01,12.06
91.77,28.52,10.45
91.8,29.29,8.27
91.83,29.41,8.14
91.87,26.36,6.95
91.9,25.07,8.97
91.93,17.06,7.37
91.97,13.97,9.02
92.0,13.6,8.96
92.03,16.19,8.59
92.07,11.36,6.22
92.1,16.82,6.62
92.13,10.77,5.83
92.17,10.88,5.89
92.2,10.4,4.63
92.23,13.18,4.58
92.27,15.52,3.5
92.3,0.0,76.97
92.33,0.0,76.97
92.37,0.0,0.32
92.4,0.0,1.54
92.43,0.0,0.61
92.47,0.0,0.61
92.5,0.0,88.77
92.53,0.0,184.81
92.57,0.0,904.17
92.6,0.0,1096.42
92.63,0.0,860.07
92.67,0.0,860.07
92.7,0.0,282.57
92.73,0.0,363.17
92.77,0.0,618.52
92.8,0.0,501.96
92.83,0.0,502.14
92.87,0.0,208.66
92.9,0.0,117.15
92.93,0.38,67.71
92.97,2.85,6.16
93.0,3.35,6.19
93.03,2.12,7.0
93.07,0.73,8.82
93.1,2.06,135.69
93.13,0.47,84.47
93.17,0.47,84.56
93.2,0.18,8.41
93.23,4.67,16.89
93.27,0.99,15.43
93.3,10.36,25.41
93.33,10.35,25.41
93.37,57.19,11.16
93.4,79.36,2.46
93.43,12.65,0.34
93.47,4.99,0.16
93.5,5.04,0.15
93.53,1.9,1.2
93.57,7.57,0.56
93.6,6.41,1.63
93.63,5.17,1.61
93.67,5.34,1.75
93.7,4.75,0.87
93.73,7.09,0.4
93.77,7.61,0.88
93.8,8.16,0.29
93.83,7.74,0.47
93.87,9.07,0.64
93.9,15.26,0.61
93.93,12.21,0.53
93.97,13.34,0.9
94.0,13.32,0.91
94.03,13.29,1.44
94.07,11.98,2.44
94.1,12.65,2.33
94.13,12.92,2.38
94.17,12.89,2.35
94.2,14.06,2.31
94.23,13.53,2.59
94.27,14.75,2.31
94.3,14.62,2.41
94.33,14.62,2.41
94.37,17.05,2.21
94.4,18.86,2.4
94.43,19.59,2.44
94.47,19.64,2.53
94.5,0.0,0.0
94.53,0.29,0.0
94.57,0.21,0.0
94.6,0.0,0.0
94.63,0.0,0.0
94.67,1.25,0.0
94.7,0.1,0.0
94.73,3.04,0.0
94.77,7.08,1.0
94.8,13.97,20.59
94.83,13.96,20.59
94.87,17.66,21.46
94.9,30.88,19.77
94.93,33.85,16.87
94.97,34.49,17.43
95.0,34.66,17.46
95.03,25.6,11.91
95.07,27.57,11.07
95.1,15.15,7.56
95.13,15.1,7.62
95.17,21.57,6.4
95.2,27.45,5.05
95.23,19.73,4.5
95.27,15.94,4.25
95.3,15.97,4.26
95.33,10.72,3.13
95.37,13.88,3.17
95.4,18.25,3.05
95.43,8.27,2.83
95.47,8.53,2.92
95.5,4.75,4.43
95.53,5.95,5.25
95.57,3.83,4.97
95.6,4.11,6.24
95.63,4.24,5.71
95.67,6.58,6.15
95.7,7.65,6.62
95.73,11.79,4.86
95.77,12.04,4.22
95.8,11.51,4.41
95.83,8.85,6.2
95.87,8.36,7.46
95.9,6.45,5.17
95.93,6.4,5.0
95.97,6.34,4.99
96.0,5.78,4.7
96.03,1.54,4.7
96.07,1.66,4.32
96.1,4.96,4.05
96.13,5.01,3.94
96.17,37.63,2.08
96.2,22.82,0.4
96.23,27.5,0.09
96.27,31.3,0.06
96.3,24.37,0.03
96.33,25.41,0.24
96.37,24.66,0.52
96.4,15.29,0.17
96.43,8.64,0.65
96.47,8.64,0.65
96.5,6.63,0.54
96.53,0.71,0.76
96.57,0.94,0.74
96.6,0.83,0.92
96.63,3.13,1.02
96.67,3.13,1.02
96.7,9.21,0.8
96.73,3.93,0.8
96.77,1.11,0.57
96.8,1.08,0.57
96.83,1.08,0.57
96.87,0.65,0.0
96.9,1.34,0.0
96.93,5.46,0.0
96.97,16.41,0.0
97.0,16.36,0.0
97.03,8.67,0.0
97.07,3.0,0.0
97.1,5.71,0.0
97.13,5.54,0.0
97.17,5.58,0.0
97.2,7.04,0.0
97.23,15.21,0.0
97.27,25.38,0.0
97.3,0.0,0.0
97.33,0.0,0.0
97.37,0.0,0.0
97.4,0.0,0.0
97.43,24.09,2.89
97.47,24.97,3.22
97.5,25.05,3.27
97.53,25.48,3.4
97.57,26.27,1.27
97.6,39.45,0.35
97.63,25.73,0.28
97.67,25.54,0.24
97.7,13.57,0.33
97.73,13.16,0.35
97.77,10.71,0.52
97.8,10.8,0.48
97.83,13.76,2.61
97.87,7.25,2.88
97.9,3.76,0.68
97.93,7.93,0.94
97.97,7.97,1.25
98.0,6.08,0.39
98.03,2.13,0.23
98.07,1.3,0.2
98.1,0.99,0.14
98.13,1.01,0.14
98.17,0.46,0.12
98.2,0.06,0.12
98.23,0.07,0.04
98.27,0.13,0.07
98.3,0.14,0.07
98.33,0.02,0.01
98.37,0.01,0.01
98.4,1.71,0.01
98.43,1.44,0.0
98.47,1.47,0.0
98.5,1.02,0.0
98.53,0.85,0.0
98.57,0.94,0.0
98.6,1.01,0.0
98.63,1.01,0.0
98.67,0.56,0.0
98.7,0.4,0.0
98.73,0.38,0.0
98.77,0.42,0.0
98.8,0.48,0.0
98.83,0.54,0.0
98.87,0.61,0.0
98.9,0.46,0.0
98.93,0.56,0.0
98.97,0.57,0.0
99.0,0.47,0.0
99.03,0.47,0.0
99.07,0.01,0.0
99.1,0.0,0.0
99.13,0.0,0.0
99.17,0.0,0.0
99.2,0.0,0.0
99.23,0.12,0.0
99.27,0.6,0.0
99.3,0.59,0.0
99.33,1.36,0.0
99.37,0.48,0.0
99.4,1.08,0.0
99.43,1.25,0.0
99.47,1.19,0.0
99.5,1.65,0.0
99.53,0.21,0.0
99.57,0.43,0.0
99.6,0.29,0.0
99.63,0.29,0.0
99.67,0.07,0.0
99.7,0.07,0.0
99.73,0.01,0.0
99.77,0.0,0.0
99.8,0.0,0.0
99.83,0.17,0.0
99.87,0.17,0.0
99.9,0.03,0.0
99.93,0.0,0.0
99.97,0.0,0.0
100.0,0.0,0.0
100.03,0.0,0.0
100.07,0.0,0.0
100.1,0.0,0.0
100.13,0.0,0.0
100.17,0.0,0.0
100.2,0.0,0.28
100.23,0.0,0.34
100.27,0.28,0.12
100.3,0.32,0.12
100.33,3.91,0.1
100.37,4.4,0.17
100.4,4.13,0.23
100.43,7.11,0.28
100.47,7.2,0.26
100.5,7.29,0.08
100.53,3.29,0.08
100.57,2.04,0.09
100.6,3.19,0.12
100.63,3.25,0.12
100.67,5.88,0.01
100.7,2.06,0.01
100.73,1.75,0.0
100.77,1.58,0.01
100.8,1.58,0.01
100.83,0.74,0.02
100.87,0.72,0.01
100.9,0.62,0.01
100.93,0.52,0.01
100.97,0.52,0.01
101.0,0.49,0.01
101.03,0.43,0.01
101.07,0.42,0.06
101.1,0.23,0.17
101.13,0.23,0.17
101.17,0.19,0.14
101.2,0.27,0.15
101.23,0.23,0.14
101.27,0.27,0.14
101.3,0.28,0.12
101.33,0.28,0.12
101.37,0.33,0.26
101.4,0.0,0.01
101.43,0.26,0.0
101.47,0.26,0.0
101.5,0.91,0.19
101.53,1.52,2.38
101.57,2.44,3.25
101.6,1.11,1.56
101.63,1.14,1.52
101.67,0.89,1.12
101.7,1.05,1.26
101.73,1.04,1.21
101.77,1.39,1.14
101.8,1.39,1.14
